	1.89	1.77	1.59	1.68	1.66	1.61	1.63	1.61	1.59	1.59	1.63	1.64	1.63	1.64	1.49	1.46
	1.86	1.85	1.66	1.75	1.72	1.66	1.67	1.64	1.62	1.62	1.64	1.66	1.64	1.64	1.46	1.44
	1.83	1.81	1.63	1.71	1.67	1.62	1.61	1.58	1.55	1.55	1.56	1.58	1.55	1.54	1.34	1.32
	1.79	1.78	1.59	1.68	1.64	1.58	1.56	1.52	1.49	1.48	1.49	1.51	1.46	1.44	1.22	1.21
	1.75	1.76	1.58	1.66	1.62	1.56	1.53	1.49	1.46	1.44	1.44	1.45	1.39	1.36	1.14	1.13
	1.74	1.75	1.58	1.67	1.62	1.57	1.53	1.48	1.45	1.42	1.42	1.41	1.35	1.31	1.08	1.08
	1.74	1.76	1.60	1.69	1.64	1.59	1.55	1.50	1.47	1.43	1.43	1.40	1.34	1.29	1.06	1.07
	1.76	1.78	1.63	1.73	1.68	1.64	1.59	1.53	1.51	1.47	1.47	1.41	1.35	1.30	1.08	1.08
	1.80	1.81	1.67	1.77	1.73	1.69	1.64	1.59	1.57	1.52	1.53	1.44	1.38	1.33	1.12	1.13
	1.83	1.84	1.71	1.82	1.78	1.76	1.71	1.66	1.64	1.60	1.60	1.49	1.43	1.39	1.18	1.19
	1.86	1.87	1.76	1.88	1.84	1.82	1.77	1.73	1.71	1.67	1.69	1.54	1.49	1.45	1.26	1.27
	1.87	1.90	1.80	1.92	1.89	1.88	1.83	1.79	1.78	1.75	1.77	1.60	1.56	1.52	1.33	1.34
	1.86	1.92	1.83	1.96	1.93	1.93	1.88	1.85	1.84	1.81	1.85	1.66	1.62	1.59	1.40	1.42
	1.83	1.93	1.85	1.99	1.96	1.96	1.92	1.89	1.88	1.86	1.90	1.70	1.67	1.65	1.46	1.48
	1.78	1.92	1.86	2.00	1.98	1.98	1.94	1.91	1.91	1.90	1.94	1.74	1.71	1.69	1.50	1.52
	1.71	1.91	1.86	2.00	1.98	1.97	1.93	1.92	1.91	1.91	1.96	1.75	1.73	1.71	1.53	1.54
	1.64	1.89	1.84	1.99	1.96	1.95	1.91	1.90	1.89	1.89	1.95	1.75	1.73	1.72	1.52	1.53
	1.58	1.87	1.82	1.96	1.94	1.90	1.87	1.87	1.85	1.86	1.91	1.72	1.71	1.70	1.49	1.50
	1.51	1.83	1.78	1.92	1.90	1.84	1.82	1.82	1.80	1.81	1.86	1.68	1.66	1.65	1.44	1.44
	1.44	1.80	1.74	1.88	1.85	1.77	1.75	1.76	1.73	1.74	1.78	1.61	1.59	1.59	1.36	1.36
	1.38	1.76	1.69	1.82	1.80	1.68	1.67	1.68	1.65	1.66	1.70	1.52	1.50	1.50	1.27	1.26
	1.31	1.72	1.64	1.76	1.74	1.60	1.58	1.60	1.56	1.57	1.60	1.43	1.40	1.40	1.16	1.15
	1.24	1.68	1.59	1.70	1.68	1.51	1.50	1.52	1.47	1.48	1.51	1.33	1.29	1.30	1.05	1.04
	1.16	1.64	1.55	1.64	1.62	1.44	1.42	1.45	1.40	1.40	1.42	1.24	1.20	1.20	0.95	0.94
	1.08	1.60	1.51	1.59	1.57	1.38	1.36	1.39	1.34	1.34	1.36	1.18	1.13	1.13	0.88	0.87
	1.01	1.58	1.48	1.56	1.53	1.34	1.33	1.35	1.31	1.30	1.33	1.15	1.09	1.10	0.85	0.84
	0.96	1.57	1.47	1.54	1.51	1.33	1.32	1.34	1.31	1.30	1.33	1.16	1.10	1.11	0.86	0.86
	0.95	1.57	1.47	1.54	1.51	1.36	1.35	1.37	1.34	1.34	1.37	1.22	1.16	1.16	0.93	0.93
	0.96	1.59	1.49	1.56	1.53	1.41	1.41	1.43	1.41	1.41	1.45	1.32	1.27	1.27	1.04	1.05
	1.02	1.62	1.52	1.60	1.58	1.49	1.49	1.52	1.51	1.51	1.56	1.46	1.42	1.42	1.19	1.22
	1.11	1.66	1.56	1.65	1.63	1.58	1.59	1.62	1.62	1.64	1.69	1.63	1.59	1.59	1.37	1.40
	1.23	1.70	1.60	1.71	1.70	1.69	1.71	1.74	1.75	1.77	1.82	1.79	1.77	1.77	1.56	1.59
	1.37	1.74	1.64	1.77	1.76	1.79	1.82	1.86	1.87	1.90	1.96	1.95	1.93	1.94	1.73	1.77
	1.50	1.78	1.67	1.82	1.82	1.88	1.91	1.97	1.98	2.02	2.07	2.07	2.06	2.07	1.87	1.91
	1.62	1.80	1.69	1.86	1.87	1.96	1.99	2.05	2.06	2.11	2.16	2.16	2.16	2.17	1.97	2.01
	1.70	1.81	1.70	1.88	1.90	2.01	2.05	2.11	2.12	2.18	2.23	2.20	2.21	2.22	2.02	2.07
	1.74	1.81	1.70	1.89	1.91	2.04	2.08	2.15	2.15	2.21	2.26	2.21	2.22	2.22	2.04	2.08
	1.75	1.81	1.70	1.89	1.91	2.06	2.10	2.16	2.17	2.23	2.28	2.19	2.20	2.20	2.02	2.07
	1.71	1.79	1.69	1.89	1.91	2.07	2.11	2.16	2.17	2.23	2.28	2.16	2.16	2.17	2.00	2.04
	1.65	1.78	1.68	1.88	1.91	2.07	2.11	2.16	2.16	2.22	2.27	2.13	2.13	2.14	1.98	2.02
	1.58	1.77	1.68	1.88	1.90	2.08	2.11	2.16	2.16	2.21	2.27	2.11	2.12	2.13	1.97	2.02
	1.52	1.77	1.69	1.89	1.91	2.09	2.12	2.17	2.17	2.22	2.28	2.12	2.13	2.14	1.99	2.04
	1.47	1.78	1.71	1.90	1.92	2.11	2.14	2.18	2.19	2.23	2.30	2.15	2.16	2.18	2.04	2.08
	1.45	1.80	1.74	1.92	1.94	2.13	2.16	2.21	2.21	2.25	2.32	2.21	2.22	2.24	2.11	2.15
	1.47	1.83	1.77	1.95	1.97	2.16	2.19	2.24	2.24	2.27	2.35	2.27	2.28	2.31	2.19	2.22
	1.51	1.86	1.79	1.97	1.99	2.18	2.21	2.26	2.26	2.29	2.38	2.33	2.35	2.38	2.26	2.29
	1.57	1.89	1.82	1.99	2.01	2.20	2.23	2.28	2.28	2.30	2.39	2.37	2.39	2.43	2.31	2.33
	1.64	1.92	1.83	2.00	2.02	2.19	2.23	2.27	2.27	2.30	2.38	2.38	2.40	2.44	2.33	2.33
	1.70	1.94	1.84	2.00	2.01	2.17	2.21	2.25	2.24	2.27	2.34	2.35	2.37	2.41	2.29	2.28
	1.75	1.95	1.84	1.99	2.00	2.13	2.16	2.20	2.19	2.21	2.27	2.28	2.30	2.33	2.21	2.18
	1.76	1.95	1.83	1.98	1.97	2.07	2.10	2.12	2.12	2.13	2.18	2.17	2.19	2.20	2.07	2.03
	1.74	1.95	1.81	1.95	1.94	1.99	2.02	2.03	2.02	2.03	2.06	2.03	2.04	2.04	1.89	1.84
	1.68	1.94	1.80	1.92	1.90	1.90	1.93	1.92	1.91	1.91	1.93	1.87	1.87	1.85	1.69	1.63
	1.60	1.93	1.78	1.88	1.86	1.80	1.83	1.81	1.80	1.79	1.79	1.70	1.70	1.66	1.47	1.41
	1.50	1.92	1.76	1.85	1.81	1.71	1.73	1.70	1.68	1.66	1.65	1.54	1.53	1.47	1.27	1.20
	1.41	1.90	1.74	1.82	1.77	1.62	1.64	1.60	1.58	1.55	1.53	1.40	1.37	1.30	1.09	1.03
	1.33	1.89	1.72	1.79	1.74	1.55	1.56	1.52	1.49	1.46	1.43	1.29	1.25	1.16	0.95	0.90
	1.28	1.88	1.71	1.76	1.71	1.50	1.49	1.46	1.42	1.39	1.36	1.20	1.17	1.07	0.85	0.81
	1.27	1.86	1.69	1.74	1.69	1.46	1.45	1.41	1.38	1.34	1.32	1.16	1.12	1.03	0.80	0.78
	1.28	1.85	1.67	1.72	1.68	1.45	1.43	1.40	1.36	1.33	1.30	1.15	1.11	1.02	0.80	0.79
	1.33	1.84	1.66	1.71	1.67	1.45	1.43	1.40	1.37	1.34	1.32	1.16	1.12	1.05	0.83	0.84
	1.38	1.82	1.65	1.70	1.67	1.46	1.44	1.42	1.39	1.36	1.35	1.19	1.16	1.11	0.89	0.91
	1.44	1.80	1.63	1.70	1.67	1.49	1.46	1.45	1.43	1.40	1.40	1.24	1.21	1.17	0.96	0.99
	1.49	1.78	1.62	1.69	1.68	1.51	1.50	1.48	1.46	1.44	1.44	1.28	1.26	1.24	1.02	1.06
	1.51	1.76	1.61	1.69	1.68	1.54	1.53	1.51	1.50	1.48	1.49	1.31	1.30	1.29	1.08	1.12
	1.52	1.73	1.59	1.68	1.68	1.56	1.56	1.54	1.53	1.51	1.52	1.32	1.33	1.33	1.11	1.15
	1.49	1.70	1.57	1.67	1.67	1.58	1.58	1.56	1.55	1.53	1.53	1.32	1.34	1.35	1.13	1.17
	1.45	1.67	1.55	1.65	1.66	1.59	1.59	1.57	1.55	1.53	1.53	1.31	1.34	1.35	1.13	1.17
	1.41	1.63	1.52	1.63	1.64	1.60	1.60	1.57	1.55	1.53	1.53	1.29	1.33	1.34	1.13	1.16
	1.36	1.59	1.49	1.60	1.61	1.60	1.60	1.57	1.55	1.53	1.52	1.29	1.32	1.34	1.13	1.16
	1.33	1.55	1.46	1.58	1.59	1.60	1.60	1.57	1.55	1.53	1.53	1.29	1.34	1.36	1.16	1.18
	1.32	1.52	1.43	1.56	1.57	1.61	1.61	1.59	1.57	1.54	1.55	1.33	1.38	1.41	1.21	1.24
	1.34	1.49	1.41	1.54	1.55	1.62	1.63	1.62	1.61	1.58	1.60	1.41	1.46	1.50	1.31	1.33
	1.39	1.48	1.40	1.54	1.54	1.65	1.67	1.67	1.66	1.64	1.67	1.52	1.58	1.63	1.44	1.47
	1.46	1.48	1.40	1.54	1.55	1.69	1.72	1.74	1.74	1.73	1.78	1.68	1.74	1.80	1.62	1.65
	1.55	1.48	1.41	1.56	1.57	1.75	1.78	1.82	1.84	1.84	1.91	1.86	1.93	2.00	1.83	1.86
	1.64	1.50	1.42	1.58	1.59	1.81	1.86	1.92	1.95	1.95	2.04	2.06	2.13	2.21	2.06	2.09
	1.73	1.51	1.44	1.60	1.62	1.87	1.93	2.01	2.05	2.07	2.18	2.26	2.33	2.42	2.28	2.30
	1.80	1.53	1.45	1.62	1.65	1.93	1.99	2.08	2.14	2.17	2.30	2.43	2.50	2.59	2.46	2.48
	1.84	1.54	1.46	1.64	1.68	1.97	2.04	2.14	2.20	2.24	2.38	2.56	2.63	2.73	2.60	2.62
	1.85	1.55	1.47	1.65	1.70	1.99	2.06	2.16	2.23	2.27	2.42	2.64	2.70	2.80	2.67	2.68
	1.81	1.55	1.47	1.65	1.70	1.99	2.06	2.15	2.21	2.26	2.41	2.66	2.71	2.80	2.67	2.67
	1.73	1.55	1.46	1.64	1.70	1.97	2.02	2.10	2.16	2.20	2.35	2.62	2.66	2.74	2.59	2.59
	1.62	1.55	1.46	1.63	1.69	1.93	1.97	2.03	2.08	2.11	2.25	2.53	2.56	2.63	2.47	2.45
	1.48	1.55	1.46	1.61	1.68	1.87	1.90	1.94	1.98	2.00	2.13	2.42	2.42	2.48	2.30	2.28
	1.34	1.55	1.46	1.60	1.66	1.81	1.82	1.85	1.87	1.89	2.00	2.29	2.28	2.33	2.13	2.11
	1.21	1.57	1.47	1.60	1.66	1.76	1.76	1.76	1.78	1.78	1.88	2.17	2.16	2.19	1.99	1.97
	1.10	1.58	1.49	1.61	1.66	1.72	1.71	1.71	1.72	1.71	1.80	2.09	2.07	2.09	1.89	1.87
	1.04	1.60	1.51	1.63	1.67	1.70	1.70	1.68	1.69	1.68	1.75	2.05	2.03	2.05	1.85	1.83
	1.03	1.62	1.53	1.65	1.70	1.72	1.71	1.70	1.70	1.69	1.76	2.06	2.05	2.07	1.87	1.87
	1.07	1.65	1.56	1.68	1.73	1.75	1.75	1.74	1.76	1.75	1.81	2.12	2.12	2.15	1.96	1.96
	1.15	1.66	1.58	1.71	1.76	1.81	1.82	1.82	1.84	1.84	1.90	2.21	2.23	2.26	2.08	2.10
	1.26	1.67	1.60	1.74	1.80	1.87	1.89	1.90	1.94	1.94	2.01	2.32	2.36	2.40	2.23	2.25
	1.38	1.67	1.61	1.77	1.83	1.93	1.97	1.99	2.03	2.05	2.13	2.43	2.48	2.53	2.36	2.39
	1.49	1.67	1.61	1.79	1.85	1.98	2.03	2.06	2.12	2.14	2.22	2.52	2.58	2.63	2.47	2.50
	1.57	1.66	1.61	1.79	1.85	2.01	2.07	2.11	2.17	2.21	2.29	2.58	2.64	2.68	2.52	2.56
	1.62	1.65	1.60	1.79	1.85	2.02	2.08	2.13	2.20	2.23	2.32	2.59	2.65	2.68	2.52	2.55
	1.63	1.63	1.59	1.78	1.84	2.00	2.06	2.12	2.19	2.22	2.31	2.57	2.61	2.63	2.46	2.49
	1.60	1.62	1.58	1.76	1.81	1.96	2.02	2.08	2.15	2.18	2.26	2.50	2.54	2.54	2.35	2.38
	1.55	1.60	1.56	1.74	1.78	1.91	1.96	2.03	2.08	2.12	2.19	2.42	2.44	2.43	2.23	2.24
	1.49	1.59	1.55	1.71	1.74	1.85	1.89	1.96	2.01	2.04	2.10	2.33	2.34	2.31	2.09	2.10
	1.43	1.57	1.53	1.68	1.70	1.79	1.83	1.90	1.94	1.97	2.02	2.25	2.25	2.20	1.97	1.97
	1.39	1.56	1.52	1.66	1.67	1.74	1.78	1.84	1.89	1.90	1.95	2.19	2.18	2.12	1.88	1.87
	1.38	1.56	1.51	1.64	1.65	1.71	1.75	1.80	1.85	1.86	1.91	2.15	2.14	2.08	1.82	1.80
	1.39	1.56	1.50	1.63	1.64	1.70	1.73	1.79	1.83	1.84	1.89	2.14	2.12	2.07	1.80	1.78
	1.44	1.56	1.50	1.62	1.64	1.70	1.74	1.79	1.83	1.84	1.89	2.16	2.14	2.09	1.81	1.78
	1.50	1.58	1.51	1.63	1.65	1.72	1.76	1.81	1.85	1.86	1.91	2.19	2.17	2.14	1.85	1.82
	1.57	1.60	1.52	1.65	1.67	1.76	1.80	1.84	1.88	1.90	1.94	2.23	2.22	2.20	1.90	1.87
	1.64	1.62	1.54	1.67	1.70	1.80	1.84	1.88	1.92	1.94	1.98	2.28	2.27	2.26	1.96	1.93
	1.70	1.65	1.56	1.70	1.74	1.85	1.89	1.92	1.96	1.98	2.03	2.33	2.32	2.32	2.02	1.99
	1.74	1.68	1.58	1.73	1.77	1.89	1.93	1.96	2.01	2.03	2.07	2.37	2.37	2.38	2.09	2.06
	1.76	1.70	1.61	1.76	1.80	1.93	1.97	2.00	2.05	2.07	2.11	2.41	2.41	2.44	2.15	2.13
	1.76	1.71	1.62	1.78	1.82	1.96	2.00	2.04	2.08	2.10	2.15	2.45	2.45	2.48	2.21	2.19
	1.74	1.71	1.63	1.80	1.84	1.98	2.02	2.06	2.11	2.13	2.18	2.48	2.48	2.52	2.26	2.24
	1.70	1.70	1.63	1.80	1.84	1.99	2.03	2.08	2.13	2.15	2.20	2.50	2.51	2.54	2.30	2.28
	1.65	1.68	1.61	1.79	1.82	1.98	2.02	2.07	2.13	2.15	2.20	2.50	2.52	2.55	2.33	2.30
	1.58	1.64	1.58	1.76	1.80	1.95	1.99	2.05	2.11	2.13	2.18	2.48	2.50	2.54	2.32	2.30
	1.51	1.59	1.54	1.72	1.76	1.91	1.94	2.01	2.07	2.09	2.13	2.44	2.46	2.49	2.28	2.26
	1.43	1.54	1.49	1.67	1.71	1.84	1.87	1.94	2.00	2.01	2.06	2.36	2.37	2.40	2.20	2.17
	1.35	1.48	1.43	1.61	1.65	1.76	1.78	1.85	1.90	1.92	1.96	2.25	2.25	2.28	2.07	2.05
	1.27	1.41	1.37	1.54	1.58	1.67	1.68	1.73	1.78	1.79	1.83	2.10	2.10	2.12	1.92	1.89
	1.19	1.36	1.30	1.47	1.51	1.56	1.56	1.61	1.64	1.66	1.68	1.93	1.92	1.93	1.74	1.71
	1.11	1.31	1.24	1.40	1.44	1.46	1.45	1.48	1.50	1.51	1.53	1.75	1.74	1.74	1.55	1.53
	1.04	1.26	1.19	1.33	1.37	1.35	1.33	1.35	1.36	1.37	1.38	1.57	1.56	1.56	1.37	1.36
	0.98	1.23	1.15	1.28	1.32	1.26	1.24	1.23	1.23	1.24	1.25	1.42	1.41	1.40	1.23	1.22
	0.94	1.21	1.12	1.24	1.27	1.19	1.16	1.14	1.13	1.15	1.15	1.31	1.31	1.30	1.14	1.13
	0.91	1.20	1.11	1.21	1.24	1.13	1.12	1.08	1.07	1.08	1.09	1.25	1.26	1.25	1.10	1.10
	0.89	1.20	1.10	1.19	1.23	1.11	1.10	1.06	1.04	1.06	1.07	1.25	1.26	1.25	1.13	1.13
	0.89	1.20	1.11	1.20	1.23	1.11	1.11	1.06	1.05	1.07	1.09	1.30	1.32	1.32	1.21	1.21
	0.91	1.22	1.13	1.21	1.25	1.13	1.14	1.10	1.09	1.12	1.15	1.39	1.42	1.42	1.34	1.35
	0.95	1.24	1.16	1.24	1.28	1.17	1.19	1.16	1.16	1.20	1.24	1.51	1.55	1.56	1.50	1.51
	0.99	1.26	1.19	1.28	1.32	1.22	1.26	1.23	1.25	1.29	1.34	1.64	1.69	1.70	1.66	1.67
	1.05	1.29	1.23	1.32	1.36	1.28	1.34	1.32	1.35	1.39	1.45	1.76	1.81	1.83	1.81	1.82
	1.12	1.33	1.28	1.37	1.41	1.35	1.41	1.40	1.44	1.48	1.56	1.87	1.91	1.94	1.94	1.94
	1.20	1.37	1.32	1.42	1.46	1.41	1.48	1.47	1.53	1.57	1.65	1.94	1.98	2.01	2.02	2.02
	1.27	1.41	1.37	1.47	1.51	1.47	1.54	1.54	1.59	1.63	1.72	1.99	2.02	2.05	2.06	2.05
	1.33	1.45	1.41	1.51	1.55	1.51	1.58	1.58	1.64	1.68	1.76	1.99	2.02	2.04	2.05	2.04
	1.38	1.49	1.45	1.55	1.58	1.54	1.61	1.61	1.66	1.70	1.78	1.98	1.99	2.01	2.01	1.99
	1.40	1.52	1.48	1.58	1.60	1.56	1.62	1.61	1.66	1.70	1.76	1.94	1.93	1.95	1.94	1.92
	1.38	1.55	1.50	1.59	1.60	1.56	1.62	1.60	1.64	1.67	1.73	1.88	1.87	1.87	1.85	1.82
	1.33	1.56	1.50	1.59	1.60	1.55	1.59	1.57	1.60	1.63	1.68	1.82	1.80	1.79	1.75	1.73
	1.24	1.55	1.49	1.57	1.57	1.52	1.56	1.53	1.55	1.57	1.61	1.76	1.72	1.71	1.65	1.63
	1.13	1.53	1.47	1.54	1.54	1.47	1.51	1.48	1.49	1.51	1.54	1.69	1.65	1.63	1.56	1.54
	0.99	1.49	1.43	1.50	1.49	1.42	1.45	1.42	1.43	1.44	1.46	1.63	1.59	1.56	1.47	1.46
	0.85	1.45	1.38	1.45	1.44	1.37	1.40	1.36	1.36	1.37	1.39	1.57	1.53	1.49	1.40	1.39
	0.72	1.40	1.33	1.39	1.39	1.31	1.34	1.31	1.30	1.31	1.32	1.52	1.48	1.44	1.33	1.33
	0.62	1.35	1.28	1.34	1.34	1.26	1.29	1.26	1.25	1.25	1.27	1.47	1.43	1.39	1.27	1.28
	0.55	1.31	1.23	1.30	1.30	1.22	1.25	1.23	1.21	1.21	1.23	1.43	1.39	1.35	1.23	1.24
	0.52	1.28	1.20	1.27	1.27	1.19	1.22	1.20	1.18	1.17	1.20	1.40	1.37	1.33	1.20	1.21
	0.54	1.27	1.17	1.25	1.26	1.17	1.21	1.19	1.17	1.15	1.18	1.39	1.36	1.32	1.19	1.21
	0.60	1.26	1.16	1.24	1.25	1.16	1.20	1.19	1.16	1.15	1.18	1.39	1.37	1.32	1.20	1.22
	0.70	1.25	1.15	1.23	1.25	1.16	1.21	1.20	1.18	1.15	1.19	1.41	1.39	1.35	1.24	1.25
	0.82	1.25	1.14	1.23	1.25	1.18	1.22	1.22	1.20	1.17	1.22	1.45	1.44	1.40	1.29	1.31
	0.94	1.25	1.14	1.23	1.25	1.20	1.24	1.25	1.23	1.20	1.25	1.51	1.51	1.46	1.36	1.38
	1.06	1.25	1.13	1.23	1.25	1.22	1.27	1.28	1.26	1.24	1.29	1.58	1.58	1.53	1.45	1.46
	1.15	1.23	1.12	1.22	1.24	1.24	1.30	1.31	1.30	1.27	1.32	1.64	1.65	1.60	1.53	1.54
	1.22	1.21	1.10	1.21	1.23	1.26	1.32	1.34	1.33	1.31	1.36	1.70	1.71	1.67	1.61	1.61
	1.25	1.19	1.08	1.20	1.22	1.27	1.34	1.36	1.35	1.33	1.39	1.75	1.76	1.72	1.67	1.67
	1.24	1.16	1.06	1.18	1.20	1.28	1.34	1.37	1.36	1.34	1.40	1.78	1.79	1.75	1.70	1.69
	1.20	1.14	1.03	1.17	1.17	1.27	1.33	1.36	1.35	1.34	1.39	1.78	1.78	1.74	1.70	1.69
	1.13	1.12	1.01	1.15	1.15	1.26	1.31	1.33	1.32	1.31	1.35	1.75	1.75	1.71	1.66	1.65
	1.04	1.10	1.00	1.13	1.12	1.23	1.28	1.28	1.27	1.25	1.29	1.69	1.68	1.65	1.60	1.58
	0.93	1.09	0.98	1.12	1.09	1.20	1.22	1.22	1.20	1.18	1.21	1.61	1.60	1.56	1.51	1.48
	0.83	1.09	0.97	1.10	1.07	1.15	1.16	1.15	1.12	1.09	1.12	1.52	1.50	1.46	1.40	1.37
	0.74	1.09	0.97	1.09	1.04	1.11	1.09	1.07	1.03	1.00	1.01	1.42	1.39	1.35	1.29	1.26
	0.67	1.10	0.97	1.09	1.02	1.06	1.03	1.00	0.95	0.91	0.92	1.33	1.30	1.25	1.18	1.15
	0.62	1.11	0.98	1.10	1.02	1.03	0.98	0.94	0.88	0.84	0.83	1.25	1.22	1.17	1.09	1.06
	0.60	1.13	1.00	1.11	1.02	1.01	0.94	0.90	0.83	0.79	0.78	1.20	1.16	1.11	1.03	1.00
	0.61	1.16	1.03	1.14	1.04	1.00	0.92	0.88	0.82	0.77	0.76	1.17	1.13	1.08	1.00	0.98
	0.65	1.20	1.07	1.18	1.07	1.02	0.93	0.89	0.83	0.78	0.77	1.17	1.13	1.08	1.00	0.98
	0.71	1.25	1.13	1.23	1.12	1.05	0.97	0.93	0.87	0.83	0.82	1.19	1.16	1.11	1.02	1.01
	0.80	1.30	1.18	1.29	1.17	1.10	1.02	0.99	0.93	0.90	0.89	1.24	1.20	1.15	1.07	1.07
	0.90	1.36	1.24	1.35	1.23	1.15	1.08	1.06	1.01	0.99	0.98	1.30	1.26	1.21	1.14	1.13
	1.00	1.40	1.29	1.41	1.29	1.21	1.15	1.14	1.09	1.08	1.08	1.36	1.32	1.28	1.21	1.21
	1.10	1.44	1.33	1.45	1.35	1.27	1.22	1.21	1.17	1.17	1.17	1.42	1.37	1.34	1.29	1.28
	1.19	1.47	1.36	1.48	1.39	1.31	1.27	1.28	1.23	1.24	1.25	1.46	1.42	1.39	1.35	1.34
	1.26	1.48	1.38	1.50	1.41	1.34	1.31	1.32	1.28	1.30	1.31	1.50	1.45	1.42	1.40	1.38
	1.31	1.47	1.37	1.49	1.43	1.36	1.34	1.35	1.31	1.33	1.35	1.52	1.47	1.44	1.43	1.42
	1.34	1.45	1.35	1.47	1.42	1.36	1.34	1.36	1.32	1.34	1.37	1.52	1.48	1.45	1.45	1.44
	1.35	1.42	1.33	1.45	1.41	1.35	1.34	1.36	1.32	1.34	1.37	1.51	1.48	1.45	1.46	1.45
	1.33	1.38	1.30	1.41	1.39	1.33	1.32	1.35	1.30	1.33	1.35	1.50	1.46	1.44	1.45	1.45
	1.30	1.33	1.26	1.37	1.37	1.30	1.30	1.33	1.29	1.30	1.33	1.48	1.45	1.42	1.45	1.44
	1.26	1.29	1.23	1.34	1.34	1.28	1.28	1.31	1.26	1.27	1.30	1.45	1.43	1.40	1.43	1.42
	1.20	1.26	1.21	1.31	1.32	1.25	1.26	1.28	1.24	1.24	1.27	1.42	1.40	1.38	1.41	1.40
	1.14	1.23	1.18	1.28	1.30	1.23	1.23	1.26	1.21	1.21	1.23	1.38	1.37	1.34	1.38	1.37
	1.07	1.21	1.17	1.26	1.27	1.20	1.21	1.23	1.18	1.17	1.20	1.34	1.33	1.30	1.35	1.34
	0.99	1.19	1.15	1.24	1.25	1.18	1.19	1.21	1.15	1.14	1.16	1.30	1.29	1.26	1.31	1.30
	0.91	1.18	1.13	1.21	1.23	1.16	1.17	1.18	1.12	1.11	1.12	1.25	1.25	1.21	1.28	1.26
	0.84	1.17	1.12	1.20	1.20	1.14	1.14	1.15	1.09	1.08	1.09	1.21	1.21	1.17	1.24	1.22
	0.76	1.17	1.10	1.18	1.17	1.13	1.12	1.12	1.06	1.05	1.06	1.18	1.18	1.14	1.22	1.20
	0.69	1.16	1.09	1.16	1.15	1.11	1.11	1.09	1.04	1.03	1.05	1.17	1.16	1.13	1.22	1.20
	0.63	1.15	1.07	1.15	1.13	1.10	1.10	1.08	1.02	1.02	1.04	1.17	1.16	1.14	1.23	1.21
	0.59	1.14	1.06	1.14	1.11	1.10	1.09	1.07	1.02	1.03	1.05	1.19	1.18	1.16	1.27	1.25
	0.55	1.13	1.05	1.13	1.10	1.10	1.10	1.07	1.02	1.04	1.07	1.22	1.22	1.21	1.32	1.30
	0.54	1.12	1.04	1.13	1.10	1.10	1.11	1.07	1.03	1.06	1.09	1.27	1.27	1.26	1.38	1.36
	0.54	1.11	1.04	1.13	1.11	1.11	1.12	1.08	1.05	1.08	1.13	1.32	1.32	1.32	1.44	1.43
	0.56	1.11	1.04	1.13	1.12	1.12	1.13	1.10	1.07	1.10	1.16	1.37	1.37	1.38	1.49	1.48
	0.60	1.10	1.05	1.14	1.13	1.13	1.15	1.11	1.10	1.12	1.19	1.41	1.41	1.43	1.54	1.53
	0.64	1.10	1.06	1.15	1.15	1.14	1.16	1.13	1.12	1.15	1.22	1.45	1.44	1.46	1.57	1.56
	0.70	1.10	1.07	1.16	1.17	1.16	1.18	1.16	1.15	1.17	1.25	1.47	1.47	1.49	1.60	1.59
	0.76	1.11	1.09	1.18	1.19	1.18	1.20	1.19	1.19	1.20	1.28	1.49	1.49	1.52	1.62	1.61
	0.83	1.13	1.11	1.20	1.22	1.21	1.23	1.22	1.23	1.24	1.33	1.51	1.51	1.55	1.65	1.65
	0.91	1.15	1.13	1.23	1.25	1.25	1.28	1.28	1.29	1.30	1.39	1.55	1.55	1.59	1.70	1.70
	0.99	1.18	1.16	1.26	1.29	1.29	1.33	1.34	1.36	1.37	1.46	1.60	1.60	1.65	1.78	1.78
	1.07	1.22	1.20	1.30	1.32	1.35	1.39	1.42	1.44	1.45	1.56	1.68	1.68	1.74	1.87	1.89
	1.16	1.26	1.23	1.35	1.37	1.42	1.47	1.50	1.54	1.55	1.66	1.77	1.78	1.84	1.99	2.01
	1.24	1.29	1.27	1.39	1.41	1.48	1.54	1.59	1.63	1.65	1.77	1.87	1.88	1.95	2.11	2.13
	1.31	1.33	1.31	1.44	1.46	1.54	1.61	1.67	1.72	1.75	1.88	1.97	1.99	2.06	2.23	2.25
	1.37	1.37	1.34	1.48	1.50	1.60	1.68	1.74	1.79	1.84	1.97	2.07	2.09	2.15	2.33	2.35
	1.41	1.39	1.37	1.52	1.54	1.64	1.73	1.79	1.84	1.90	2.05	2.14	2.16	2.23	2.41	2.43
	1.43	1.42	1.39	1.55	1.57	1.66	1.76	1.82	1.87	1.94	2.09	2.19	2.21	2.27	2.45	2.47
	1.44	1.43	1.40	1.57	1.60	1.68	1.77	1.83	1.88	1.95	2.10	2.22	2.23	2.29	2.47	2.48
	1.42	1.45	1.41	1.59	1.62	1.67	1.77	1.81	1.86	1.93	2.09	2.21	2.23	2.28	2.46	2.47
	1.40	1.45	1.41	1.59	1.62	1.66	1.75	1.78	1.83	1.89	2.05	2.19	2.20	2.26	2.43	2.43
	1.36	1.45	1.40	1.59	1.62	1.63	1.71	1.74	1.77	1.83	1.98	2.14	2.15	2.21	2.38	2.38
	1.33	1.45	1.39	1.58	1.61	1.60	1.67	1.68	1.71	1.76	1.90	2.08	2.09	2.15	2.32	2.31
	1.31	1.44	1.37	1.56	1.58	1.56	1.61	1.62	1.64	1.67	1.81	2.00	2.02	2.07	2.25	2.23
	1.29	1.43	1.35	1.53	1.55	1.50	1.54	1.54	1.56	1.58	1.70	1.91	1.92	1.97	2.15	2.13
	1.29	1.41	1.32	1.49	1.51	1.44	1.46	1.46	1.46	1.47	1.57	1.80	1.81	1.84	2.02	1.99
	1.29	1.40	1.29	1.45	1.45	1.36	1.37	1.36	1.35	1.34	1.43	1.67	1.67	1.69	1.86	1.83
	1.29	1.38	1.26	1.40	1.39	1.27	1.26	1.24	1.23	1.20	1.27	1.50	1.50	1.50	1.67	1.62
	1.29	1.35	1.23	1.35	1.32	1.16	1.13	1.11	1.08	1.04	1.09	1.32	1.30	1.29	1.44	1.39
	1.29	1.32	1.18	1.29	1.24	1.04	1.00	0.97	0.93	0.88	0.90	1.12	1.09	1.07	1.20	1.14
	1.26	1.28	1.14	1.22	1.16	0.92	0.86	0.83	0.78	0.71	0.71	0.91	0.88	0.84	0.96	0.89
	1.22	1.23	1.08	1.15	1.08	0.80	0.73	0.69	0.63	0.55	0.53	0.72	0.67	0.62	0.73	0.66
	1.17	1.18	1.03	1.07	1.00	0.69	0.61	0.57	0.50	0.41	0.38	0.54	0.50	0.44	0.54	0.48
	1.10	1.12	0.97	1.00	0.92	0.59	0.51	0.46	0.39	0.30	0.26	0.41	0.36	0.31	0.40	0.34
	1.04	1.05	0.91	0.93	0.86	0.52	0.44	0.39	0.32	0.23	0.19	0.32	0.27	0.24	0.33	0.28
	0.98	0.99	0.85	0.86	0.80	0.47	0.40	0.35	0.28	0.20	0.16	0.27	0.23	0.22	0.31	0.27
	0.93	0.93	0.79	0.81	0.76	0.46	0.39	0.35	0.28	0.21	0.17	0.27	0.24	0.24	0.34	0.31
	0.91	0.88	0.75	0.77	0.73	0.47	0.40	0.37	0.31	0.25	0.22	0.31	0.29	0.31	0.42	0.39
	0.90	0.84	0.72	0.75	0.72	0.49	0.44	0.41	0.36	0.31	0.29	0.37	0.36	0.40	0.51	0.50
	0.92	0.81	0.70	0.74	0.72	0.54	0.49	0.48	0.43	0.39	0.38	0.44	0.44	0.51	0.62	0.61
	0.95	0.80	0.69	0.74	0.73	0.59	0.55	0.54	0.51	0.48	0.48	0.52	0.53	0.61	0.72	0.72
	0.98	0.80	0.69	0.75	0.75	0.64	0.62	0.61	0.59	0.56	0.57	0.61	0.62	0.71	0.82	0.82
	1.02	0.81	0.70	0.76	0.77	0.70	0.68	0.68	0.66	0.64	0.66	0.69	0.70	0.80	0.91	0.91
	1.04	0.82	0.72	0.78	0.79	0.74	0.73	0.74	0.72	0.70	0.73	0.76	0.78	0.88	0.99	1.00
	1.04	0.82	0.73	0.79	0.80	0.78	0.77	0.79	0.78	0.76	0.80	0.84	0.85	0.95	1.07	1.07
	1.02	0.82	0.73	0.80	0.81	0.82	0.81	0.83	0.82	0.80	0.85	0.90	0.92	1.02	1.15	1.15
	0.98	0.82	0.73	0.80	0.81	0.84	0.84	0.86	0.85	0.83	0.88	0.97	0.99	1.08	1.21	1.21
	0.92	0.81	0.73	0.80	0.80	0.85	0.85	0.87	0.87	0.85	0.91	1.02	1.04	1.13	1.27	1.26
	0.85	0.78	0.71	0.78	0.78	0.86	0.86	0.88	0.88	0.86	0.92	1.06	1.08	1.16	1.32	1.30
	0.76	0.76	0.69	0.76	0.76	0.85	0.86	0.88	0.87	0.85	0.91	1.08	1.11	1.18	1.34	1.33
	0.67	0.72	0.66	0.73	0.73	0.83	0.84	0.86	0.85	0.84	0.90	1.09	1.13	1.18	1.35	1.33
	0.58	0.69	0.63	0.70	0.69	0.81	0.82	0.84	0.83	0.81	0.87	1.09	1.13	1.18	1.35	1.33
	0.49	0.65	0.59	0.66	0.65	0.79	0.80	0.81	0.81	0.79	0.85	1.09	1.13	1.18	1.35	1.33
	0.43	0.61	0.56	0.62	0.62	0.77	0.78	0.79	0.79	0.78	0.83	1.10	1.15	1.19	1.37	1.35
	0.38	0.57	0.52	0.59	0.58	0.76	0.77	0.78	0.79	0.79	0.84	1.13	1.19	1.23	1.40	1.40
	0.35	0.54	0.49	0.57	0.56	0.77	0.78	0.79	0.80	0.81	0.87	1.20	1.25	1.30	1.48	1.48
	0.36	0.52	0.47	0.55	0.56	0.79	0.80	0.82	0.84	0.87	0.92	1.29	1.36	1.41	1.58	1.59
	0.39	0.51	0.46	0.55	0.56	0.82	0.84	0.87	0.91	0.95	1.01	1.41	1.49	1.55	1.72	1.74
	0.46	0.50	0.46	0.56	0.59	0.87	0.90	0.93	0.99	1.04	1.11	1.55	1.63	1.70	1.87	1.89
	0.55	0.51	0.47	0.58	0.62	0.92	0.96	1.00	1.07	1.13	1.21	1.69	1.78	1.85	2.01	2.04
	0.65	0.53	0.49	0.61	0.67	0.97	1.01	1.07	1.15	1.22	1.30	1.81	1.90	1.98	2.13	2.15
	0.76	0.55	0.51	0.65	0.71	1.01	1.05	1.12	1.21	1.28	1.37	1.89	1.98	2.06	2.20	2.22
	0.87	0.57	0.54	0.69	0.76	1.03	1.07	1.14	1.24	1.31	1.40	1.93	2.01	2.09	2.22	2.23
	0.95	0.59	0.56	0.72	0.79	1.03	1.07	1.14	1.24	1.30	1.39	1.91	1.98	2.06	2.19	2.19
	1.00	0.61	0.58	0.74	0.81	1.02	1.04	1.11	1.21	1.26	1.34	1.84	1.91	1.98	2.11	2.10
	1.03	0.61	0.60	0.76	0.82	0.99	1.01	1.07	1.15	1.20	1.27	1.75	1.81	1.88	2.00	1.99
	1.02	0.62	0.61	0.76	0.82	0.96	0.96	1.02	1.09	1.12	1.19	1.65	1.70	1.77	1.89	1.88
	0.99	0.62	0.62	0.76	0.82	0.94	0.93	0.97	1.04	1.06	1.12	1.56	1.60	1.68	1.81	1.79
	0.94	0.62	0.64	0.77	0.82	0.93	0.91	0.95	1.00	1.02	1.07	1.50	1.54	1.62	1.76	1.75
	0.89	0.63	0.66	0.77	0.83	0.94	0.92	0.94	0.99	1.00	1.05	1.49	1.53	1.61	1.75	1.75
	0.85	0.65	0.68	0.79	0.84	0.96	0.94	0.96	1.00	1.01	1.06	1.51	1.55	1.64	1.79	1.79
	0.81	0.67	0.71	0.81	0.87	0.99	0.97	0.99	1.03	1.04	1.10	1.56	1.60	1.69	1.86	1.85
	0.80	0.70	0.74	0.83	0.89	1.02	1.01	1.03	1.06	1.08	1.13	1.63	1.66	1.75	1.92	1.92
	0.78	0.73	0.76	0.85	0.91	1.04	1.03	1.04	1.08	1.10	1.16	1.67	1.70	1.79	1.97	1.96
	0.77	0.75	0.77	0.85	0.92	1.03	1.02	1.03	1.07	1.09	1.15	1.69	1.71	1.79	1.97	1.96
	0.74	0.74	0.75	0.83	0.90	0.99	0.97	0.98	1.02	1.04	1.10	1.65	1.67	1.74	1.92	1.89
	0.69	0.71	0.71	0.79	0.84	0.91	0.88	0.89	0.92	0.94	1.00	1.55	1.56	1.62	1.80	1.77
	0.60	0.65	0.64	0.71	0.76	0.79	0.75	0.75	0.78	0.80	0.84	1.39	1.40	1.44	1.63	1.58
	0.48	0.57	0.55	0.61	0.65	0.64	0.59	0.58	0.60	0.61	0.65	1.18	1.20	1.22	1.40	1.35
	0.33	0.47	0.44	0.49	0.52	0.47	0.41	0.39	0.41	0.41	0.43	0.95	0.96	0.98	1.15	1.10
	0.17	0.35	0.32	0.37	0.39	0.31	0.24	0.20	0.21	0.20	0.21	0.72	0.73	0.74	0.90	0.85
	0.00	0.24	0.20	0.25	0.26	0.15	0.07	0.03	0.02	0.01	0.01	0.49	0.51	0.51	0.67	0.61
	-0.15	0.14	0.10	0.14	0.14	0.01	-0.06	-0.11	-0.13	-0.15	-0.16	0.31	0.32	0.32	0.47	0.42
	-0.27	0.06	0.02	0.06	0.05	-0.09	-0.17	-0.22	-0.25	-0.28	-0.29	0.16	0.17	0.18	0.32	0.28
	-0.36	0.00	-0.04	-0.00	-0.02	-0.17	-0.24	-0.30	-0.33	-0.36	-0.38	0.06	0.07	0.08	0.22	0.18
	-0.41	-0.04	-0.08	-0.04	-0.06	-0.21	-0.27	-0.34	-0.37	-0.40	-0.42	0.01	0.02	0.03	0.17	0.14
	-0.43	-0.06	-0.10	-0.06	-0.08	-0.23	-0.28	-0.35	-0.38	-0.40	-0.42	0.00	0.01	0.02	0.16	0.14
	-0.42	-0.06	-0.11	-0.07	-0.09	-0.23	-0.27	-0.33	-0.37	-0.38	-0.40	0.02	0.03	0.04	0.18	0.18
	-0.41	-0.07	-0.11	-0.07	-0.10	-0.22	-0.25	-0.30	-0.33	-0.34	-0.35	0.06	0.07	0.09	0.23	0.23
	-0.39	-0.07	-0.12	-0.07	-0.10	-0.19	-0.21	-0.26	-0.28	-0.28	-0.28	0.12	0.13	0.15	0.30	0.31
	-0.39	-0.08	-0.12	-0.07	-0.09	-0.16	-0.17	-0.21	-0.22	-0.21	-0.21	0.18	0.19	0.22	0.37	0.38
	-0.40	-0.09	-0.13	-0.07	-0.09	-0.13	-0.13	-0.16	-0.16	-0.15	-0.13	0.25	0.26	0.28	0.44	0.46
	-0.42	-0.10	-0.13	-0.07	-0.08	-0.09	-0.08	-0.10	-0.09	-0.08	-0.05	0.31	0.33	0.35	0.51	0.52
	-0.46	-0.12	-0.14	-0.07	-0.08	-0.05	-0.03	-0.05	-0.03	-0.02	0.02	0.36	0.39	0.41	0.57	0.58
	-0.50	-0.13	-0.14	-0.07	-0.07	-0.02	0.01	0.00	0.02	0.04	0.08	0.41	0.44	0.45	0.61	0.62
	-0.54	-0.14	-0.15	-0.07	-0.07	0.01	0.04	0.05	0.07	0.08	0.12	0.45	0.48	0.49	0.65	0.65
	-0.56	-0.15	-0.15	-0.07	-0.06	0.04	0.07	0.08	0.10	0.11	0.16	0.48	0.51	0.52	0.67	0.67
	-0.57	-0.16	-0.15	-0.07	-0.06	0.05	0.09	0.10	0.12	0.13	0.17	0.51	0.53	0.54	0.69	0.69
	-0.55	-0.16	-0.15	-0.08	-0.06	0.06	0.09	0.12	0.14	0.14	0.18	0.53	0.55	0.56	0.71	0.70
	-0.50	-0.16	-0.16	-0.08	-0.06	0.06	0.10	0.12	0.14	0.15	0.18	0.56	0.58	0.59	0.73	0.73
	-0.43	-0.16	-0.16	-0.08	-0.06	0.06	0.10	0.13	0.14	0.16	0.19	0.59	0.61	0.62	0.77	0.76
	-0.33	-0.15	-0.15	-0.07	-0.06	0.07	0.10	0.13	0.15	0.16	0.19	0.63	0.64	0.67	0.81	0.80
	-0.23	-0.13	-0.14	-0.06	-0.06	0.08	0.11	0.14	0.16	0.18	0.21	0.67	0.69	0.72	0.86	0.86
	-0.12	-0.10	-0.13	-0.04	-0.05	0.09	0.13	0.15	0.18	0.20	0.23	0.72	0.74	0.77	0.92	0.91
	-0.01	-0.07	-0.10	-0.01	-0.02	0.11	0.15	0.17	0.20	0.22	0.25	0.76	0.78	0.82	0.96	0.95
	0.08	-0.03	-0.07	0.02	0.00	0.13	0.17	0.19	0.21	0.23	0.27	0.79	0.81	0.85	1.00	0.98
	0.14	0.01	-0.04	0.05	0.04	0.15	0.18	0.20	0.22	0.24	0.28	0.80	0.82	0.86	1.01	0.98
	0.17	0.05	-0.02	0.08	0.07	0.16	0.19	0.20	0.22	0.24	0.28	0.79	0.81	0.85	0.99	0.97
	0.16	0.09	0.01	0.11	0.09	0.16	0.19	0.19	0.21	0.22	0.26	0.76	0.79	0.82	0.95	0.93
	0.13	0.11	0.02	0.12	0.10	0.15	0.17	0.18	0.19	0.20	0.24	0.72	0.75	0.77	0.91	0.88
	0.07	0.12	0.02	0.13	0.11	0.13	0.16	0.16	0.17	0.18	0.21	0.68	0.71	0.73	0.86	0.84
	-0.01	0.12	0.02	0.12	0.11	0.12	0.14	0.14	0.15	0.16	0.19	0.65	0.69	0.70	0.83	0.81
	-0.08	0.10	0.00	0.11	0.10	0.11	0.13	0.13	0.15	0.16	0.19	0.65	0.69	0.70	0.83	0.82
	-0.14	0.08	-0.01	0.10	0.10	0.11	0.13	0.14	0.17	0.18	0.21	0.68	0.72	0.73	0.87	0.86
	-0.17	0.06	-0.03	0.09	0.09	0.12	0.15	0.17	0.20	0.21	0.26	0.74	0.78	0.80	0.93	0.93
	-0.18	0.03	-0.04	0.08	0.09	0.14	0.18	0.21	0.25	0.27	0.32	0.82	0.86	0.88	1.02	1.02
	-0.16	0.01	-0.05	0.07	0.09	0.17	0.22	0.25	0.30	0.33	0.39	0.91	0.95	0.97	1.11	1.12
	-0.12	-0.01	-0.06	0.06	0.08	0.19	0.25	0.29	0.35	0.38	0.45	0.99	1.03	1.04	1.19	1.20
	-0.07	-0.03	-0.07	0.05	0.07	0.20	0.26	0.31	0.37	0.41	0.49	1.03	1.07	1.08	1.24	1.24
	-0.02	-0.05	-0.09	0.03	0.06	0.18	0.26	0.30	0.37	0.41	0.50	1.04	1.08	1.08	1.24	1.24
	0.02	-0.08	-0.10	0.01	0.03	0.15	0.23	0.27	0.33	0.38	0.47	1.00	1.03	1.02	1.19	1.18
	0.04	-0.10	-0.13	-0.03	-0.01	0.09	0.17	0.21	0.27	0.31	0.40	0.91	0.94	0.92	1.09	1.08
	0.05	-0.12	-0.15	-0.07	-0.06	0.02	0.09	0.12	0.18	0.22	0.31	0.78	0.81	0.79	0.96	0.94
	0.04	-0.15	-0.18	-0.11	-0.10	-0.06	0.00	0.03	0.07	0.11	0.20	0.63	0.66	0.63	0.81	0.79
	0.02	-0.17	-0.20	-0.14	-0.15	-0.13	-0.09	-0.07	-0.03	0.01	0.08	0.49	0.51	0.48	0.66	0.65
	0.00	-0.18	-0.22	-0.17	-0.19	-0.20	-0.17	-0.15	-0.12	-0.09	-0.03	0.35	0.38	0.35	0.54	0.52
	-0.02	-0.19	-0.24	-0.19	-0.22	-0.24	-0.23	-0.22	-0.20	-0.18	-0.12	0.24	0.27	0.25	0.44	0.42
	-0.04	-0.19	-0.25	-0.20	-0.24	-0.27	-0.27	-0.27	-0.26	-0.24	-0.19	0.16	0.19	0.18	0.38	0.35
	-0.06	-0.19	-0.25	-0.21	-0.25	-0.29	-0.30	-0.30	-0.30	-0.28	-0.25	0.11	0.14	0.14	0.34	0.31
	-0.08	-0.19	-0.26	-0.21	-0.26	-0.29	-0.32	-0.32	-0.33	-0.31	-0.29	0.08	0.11	0.11	0.33	0.29
	-0.11	-0.20	-0.27	-0.22	-0.27	-0.29	-0.34	-0.33	-0.35	-0.34	-0.32	0.07	0.09	0.11	0.32	0.28
	-0.15	-0.21	-0.28	-0.23	-0.28	-0.30	-0.35	-0.35	-0.37	-0.36	-0.35	0.06	0.08	0.10	0.32	0.26
	-0.22	-0.23	-0.31	-0.26	-0.30	-0.31	-0.37	-0.37	-0.39	-0.38	-0.38	0.05	0.07	0.10	0.31	0.25
	-0.32	-0.26	-0.34	-0.28	-0.32	-0.33	-0.39	-0.39	-0.41	-0.40	-0.41	0.04	0.05	0.09	0.30	0.23
	-0.43	-0.29	-0.37	-0.32	-0.35	-0.35	-0.41	-0.42	-0.43	-0.42	-0.43	0.03	0.04	0.08	0.28	0.22
	-0.54	-0.32	-0.40	-0.35	-0.38	-0.37	-0.43	-0.44	-0.45	-0.43	-0.45	0.02	0.03	0.08	0.27	0.21
	-0.66	-0.35	-0.43	-0.38	-0.41	-0.40	-0.45	-0.45	-0.47	-0.45	-0.46	0.03	0.03	0.08	0.27	0.20
	-0.76	-0.38	-0.46	-0.41	-0.44	-0.42	-0.46	-0.47	-0.48	-0.45	-0.46	0.04	0.04	0.08	0.27	0.20
	-0.84	-0.41	-0.49	-0.44	-0.47	-0.43	-0.46	-0.48	-0.49	-0.46	-0.46	0.05	0.05	0.09	0.28	0.21
	-0.90	-0.45	-0.52	-0.47	-0.49	-0.45	-0.47	-0.49	-0.49	-0.47	-0.46	0.06	0.06	0.09	0.28	0.21
	-0.93	-0.48	-0.55	-0.50	-0.52	-0.47	-0.49	-0.50	-0.51	-0.49	-0.47	0.06	0.06	0.09	0.27	0.20
	-0.93	-0.52	-0.59	-0.54	-0.56	-0.50	-0.51	-0.53	-0.53	-0.51	-0.49	0.05	0.04	0.06	0.25	0.18
	-0.92	-0.57	-0.64	-0.59	-0.60	-0.54	-0.55	-0.56	-0.56	-0.55	-0.52	0.01	0.01	0.03	0.21	0.14
	-0.90	-0.63	-0.69	-0.64	-0.64	-0.58	-0.59	-0.60	-0.61	-0.60	-0.56	-0.04	-0.04	-0.03	0.15	0.08
	-0.88	-0.69	-0.75	-0.69	-0.69	-0.64	-0.64	-0.65	-0.65	-0.66	-0.62	-0.10	-0.10	-0.09	0.08	0.02
	-0.87	-0.76	-0.81	-0.75	-0.74	-0.69	-0.69	-0.70	-0.70	-0.71	-0.67	-0.17	-0.17	-0.16	0.01	-0.05
	-0.86	-0.81	-0.86	-0.80	-0.78	-0.74	-0.74	-0.75	-0.74	-0.76	-0.71	-0.24	-0.24	-0.22	-0.06	-0.12
	-0.85	-0.87	-0.91	-0.84	-0.81	-0.78	-0.77	-0.78	-0.77	-0.79	-0.75	-0.29	-0.29	-0.28	-0.12	-0.17
	-0.86	-0.91	-0.94	-0.88	-0.84	-0.81	-0.80	-0.80	-0.79	-0.81	-0.77	-0.33	-0.33	-0.31	-0.16	-0.20
	-0.87	-0.95	-0.97	-0.91	-0.87	-0.83	-0.81	-0.82	-0.80	-0.82	-0.78	-0.35	-0.35	-0.33	-0.17	-0.21
	-0.90	-0.98	-0.99	-0.94	-0.89	-0.84	-0.83	-0.83	-0.81	-0.83	-0.79	-0.36	-0.36	-0.33	-0.18	-0.21
	-0.92	-1.01	-1.01	-0.96	-0.91	-0.86	-0.84	-0.84	-0.82	-0.83	-0.80	-0.37	-0.37	-0.34	-0.18	-0.20
	-0.96	-1.05	-1.04	-0.99	-0.95	-0.89	-0.86	-0.87	-0.84	-0.85	-0.82	-0.38	-0.38	-0.34	-0.18	-0.20
	-1.01	-1.09	-1.08	-1.03	-0.99	-0.92	-0.90	-0.90	-0.87	-0.88	-0.85	-0.39	-0.40	-0.35	-0.19	-0.21
	-1.06	-1.13	-1.12	-1.08	-1.04	-0.97	-0.95	-0.95	-0.92	-0.92	-0.89	-0.43	-0.42	-0.37	-0.21	-0.24
	-1.13	-1.19	-1.17	-1.14	-1.11	-1.03	-1.01	-1.00	-0.98	-0.98	-0.95	-0.47	-0.46	-0.40	-0.25	-0.28
	-1.21	-1.25	-1.23	-1.20	-1.18	-1.09	-1.07	-1.07	-1.04	-1.04	-1.01	-0.52	-0.51	-0.44	-0.29	-0.33
	-1.30	-1.31	-1.29	-1.27	-1.25	-1.16	-1.14	-1.13	-1.11	-1.10	-1.07	-0.57	-0.55	-0.48	-0.33	-0.37
	-1.39	-1.38	-1.35	-1.34	-1.32	-1.23	-1.21	-1.19	-1.17	-1.16	-1.13	-0.61	-0.59	-0.51	-0.35	-0.41
	-1.49	-1.44	-1.41	-1.40	-1.39	-1.28	-1.26	-1.24	-1.22	-1.20	-1.17	-0.64	-0.61	-0.53	-0.37	-0.43
	-1.58	-1.49	-1.47	-1.46	-1.45	-1.33	-1.31	-1.28	-1.26	-1.24	-1.19	-0.66	-0.62	-0.54	-0.36	-0.42
	-1.67	-1.55	-1.53	-1.51	-1.50	-1.37	-1.34	-1.31	-1.28	-1.25	-1.21	-0.66	-0.61	-0.52	-0.34	-0.40
	-1.75	-1.60	-1.57	-1.56	-1.55	-1.40	-1.36	-1.33	-1.29	-1.26	-1.21	-0.65	-0.58	-0.50	-0.31	-0.36
	-1.81	-1.64	-1.62	-1.61	-1.59	-1.42	-1.38	-1.34	-1.30	-1.26	-1.21	-0.64	-0.56	-0.48	-0.27	-0.31
	-1.85	-1.68	-1.66	-1.65	-1.62	-1.44	-1.39	-1.35	-1.31	-1.26	-1.20	-0.62	-0.53	-0.45	-0.23	-0.27
	-1.87	-1.72	-1.69	-1.68	-1.65	-1.46	-1.40	-1.36	-1.31	-1.26	-1.19	-0.61	-0.52	-0.43	-0.20	-0.23
	-1.86	-1.75	-1.72	-1.71	-1.67	-1.48	-1.41	-1.37	-1.32	-1.26	-1.19	-0.61	-0.51	-0.43	-0.18	-0.21
	-1.82	-1.77	-1.75	-1.73	-1.68	-1.49	-1.42	-1.38	-1.33	-1.27	-1.19	-0.61	-0.52	-0.43	-0.18	-0.20
	-1.76	-1.78	-1.76	-1.73	-1.68	-1.51	-1.44	-1.40	-1.34	-1.28	-1.20	-0.63	-0.53	-0.45	-0.19	-0.20
	-1.67	-1.79	-1.76	-1.73	-1.67	-1.52	-1.45	-1.41	-1.35	-1.28	-1.20	-0.65	-0.55	-0.47	-0.21	-0.21
	-1.56	-1.79	-1.76	-1.72	-1.66	-1.53	-1.45	-1.42	-1.36	-1.29	-1.21	-0.66	-0.57	-0.50	-0.24	-0.23
	-1.44	-1.78	-1.75	-1.70	-1.64	-1.54	-1.46	-1.43	-1.36	-1.29	-1.21	-0.68	-0.59	-0.52	-0.26	-0.25
	-1.32	-1.77	-1.74	-1.68	-1.62	-1.54	-1.46	-1.43	-1.37	-1.28	-1.21	-0.69	-0.61	-0.54	-0.28	-0.26
	-1.20	-1.75	-1.73	-1.66	-1.60	-1.54	-1.46	-1.43	-1.37	-1.28	-1.21	-0.70	-0.62	-0.56	-0.30	-0.28
	-1.11	-1.74	-1.72	-1.64	-1.59	-1.55	-1.46	-1.43	-1.37	-1.27	-1.21	-0.71	-0.63	-0.58	-0.32	-0.30
	-1.03	-1.73	-1.71	-1.63	-1.58	-1.55	-1.46	-1.44	-1.37	-1.27	-1.21	-0.72	-0.65	-0.61	-0.35	-0.32
	-0.98	-1.73	-1.71	-1.62	-1.58	-1.56	-1.47	-1.44	-1.38	-1.28	-1.22	-0.75	-0.68	-0.64	-0.39	-0.37
	-0.96	-1.72	-1.71	-1.62	-1.58	-1.57	-1.48	-1.46	-1.40	-1.31	-1.25	-0.79	-0.74	-0.70	-0.45	-0.44
	-0.97	-1.72	-1.71	-1.63	-1.59	-1.60	-1.51	-1.49	-1.43	-1.35	-1.31	-0.85	-0.81	-0.78	-0.54	-0.53
	-1.01	-1.72	-1.71	-1.64	-1.61	-1.63	-1.55	-1.54	-1.49	-1.42	-1.38	-0.93	-0.91	-0.89	-0.66	-0.66
	-1.07	-1.73	-1.72	-1.66	-1.64	-1.68	-1.61	-1.60	-1.56	-1.50	-1.48	-1.04	-1.03	-1.02	-0.80	-0.81
	-1.15	-1.75	-1.74	-1.69	-1.68	-1.75	-1.69	-1.68	-1.66	-1.61	-1.60	-1.17	-1.16	-1.17	-0.95	-0.97
	-1.26	-1.77	-1.77	-1.73	-1.73	-1.82	-1.77	-1.78	-1.76	-1.73	-1.74	-1.30	-1.30	-1.31	-1.10	-1.14
	-1.38	-1.81	-1.80	-1.78	-1.78	-1.91	-1.87	-1.88	-1.88	-1.86	-1.88	-1.43	-1.43	-1.45	-1.24	-1.29
	-1.51	-1.85	-1.84	-1.84	-1.85	-1.99	-1.96	-1.98	-1.99	-1.97	-2.00	-1.55	-1.54	-1.56	-1.35	-1.41
	-1.65	-1.90	-1.89	-1.90	-1.91	-2.07	-2.04	-2.06	-2.08	-2.06	-2.10	-1.63	-1.61	-1.62	-1.41	-1.48
	-1.78	-1.95	-1.94	-1.96	-1.97	-2.12	-2.09	-2.12	-2.14	-2.12	-2.16	-1.66	-1.64	-1.63	-1.42	-1.49
	-1.89	-2.00	-1.99	-2.01	-2.01	-2.15	-2.12	-2.14	-2.16	-2.13	-2.16	-1.65	-1.61	-1.59	-1.37	-1.43
	-1.97	-2.04	-2.02	-2.04	-2.03	-2.15	-2.11	-2.12	-2.13	-2.10	-2.12	-1.58	-1.53	-1.49	-1.26	-1.32
	-2.01	-2.06	-2.04	-2.05	-2.03	-2.11	-2.06	-2.07	-2.06	-2.02	-2.03	-1.47	-1.42	-1.35	-1.10	-1.16
	-2.01	-2.06	-2.04	-2.04	-2.00	-2.04	-1.98	-1.98	-1.96	-1.91	-1.90	-1.34	-1.27	-1.18	-0.93	-0.97
	-1.97	-2.04	-2.02	-2.01	-1.96	-1.95	-1.89	-1.87	-1.84	-1.78	-1.76	-1.19	-1.12	-1.01	-0.74	-0.78
	-1.90	-2.01	-1.98	-1.96	-1.90	-1.85	-1.79	-1.76	-1.72	-1.66	-1.63	-1.05	-0.98	-0.86	-0.58	-0.61
	-1.80	-1.96	-1.93	-1.90	-1.83	-1.75	-1.70	-1.66	-1.62	-1.55	-1.51	-0.94	-0.87	-0.74	-0.45	-0.48
	-1.69	-1.90	-1.88	-1.84	-1.77	-1.67	-1.63	-1.58	-1.54	-1.47	-1.43	-0.86	-0.79	-0.67	-0.38	-0.39
	-1.59	-1.84	-1.82	-1.79	-1.71	-1.62	-1.58	-1.53	-1.49	-1.43	-1.39	-0.82	-0.76	-0.64	-0.35	-0.36
	-1.49	-1.78	-1.77	-1.73	-1.67	-1.59	-1.56	-1.51	-1.47	-1.42	-1.39	-0.83	-0.77	-0.66	-0.38	-0.38
	-1.41	-1.72	-1.72	-1.69	-1.64	-1.58	-1.57	-1.52	-1.48	-1.44	-1.42	-0.87	-0.82	-0.72	-0.44	-0.44
	-1.36	-1.66	-1.67	-1.65	-1.61	-1.58	-1.59	-1.54	-1.51	-1.48	-1.47	-0.94	-0.89	-0.80	-0.53	-0.52
	-1.32	-1.60	-1.63	-1.61	-1.59	-1.59	-1.61	-1.57	-1.54	-1.52	-1.52	-1.02	-0.98	-0.89	-0.64	-0.63
	-1.30	-1.54	-1.58	-1.57	-1.56	-1.60	-1.62	-1.59	-1.57	-1.55	-1.56	-1.10	-1.06	-0.99	-0.75	-0.74
	-1.30	-1.48	-1.53	-1.52	-1.53	-1.59	-1.63	-1.60	-1.59	-1.58	-1.59	-1.17	-1.15	-1.08	-0.87	-0.85
	-1.29	-1.42	-1.48	-1.47	-1.49	-1.58	-1.62	-1.59	-1.59	-1.59	-1.60	-1.24	-1.23	-1.17	-0.97	-0.95
	-1.30	-1.36	-1.42	-1.42	-1.44	-1.55	-1.60	-1.58	-1.59	-1.59	-1.61	-1.30	-1.30	-1.26	-1.07	-1.05
	-1.31	-1.31	-1.37	-1.38	-1.40	-1.52	-1.58	-1.57	-1.58	-1.59	-1.61	-1.35	-1.36	-1.33	-1.16	-1.14
	-1.32	-1.28	-1.34	-1.34	-1.37	-1.50	-1.56	-1.56	-1.58	-1.59	-1.62	-1.41	-1.42	-1.41	-1.24	-1.23
	-1.34	-1.26	-1.31	-1.32	-1.35	-1.49	-1.55	-1.55	-1.59	-1.60	-1.63	-1.45	-1.48	-1.48	-1.31	-1.31
	-1.38	-1.26	-1.31	-1.32	-1.35	-1.49	-1.55	-1.56	-1.60	-1.62	-1.66	-1.50	-1.52	-1.53	-1.37	-1.38
	-1.42	-1.29	-1.33	-1.34	-1.37	-1.51	-1.57	-1.58	-1.63	-1.64	-1.69	-1.53	-1.56	-1.57	-1.41	-1.43
	-1.46	-1.33	-1.37	-1.38	-1.41	-1.53	-1.58	-1.60	-1.65	-1.67	-1.71	-1.55	-1.58	-1.59	-1.42	-1.44
	-1.51	-1.39	-1.42	-1.43	-1.45	-1.56	-1.60	-1.61	-1.66	-1.68	-1.72	-1.55	-1.57	-1.57	-1.40	-1.43
	-1.56	-1.45	-1.47	-1.48	-1.50	-1.57	-1.60	-1.62	-1.66	-1.67	-1.71	-1.52	-1.54	-1.53	-1.35	-1.38
	-1.59	-1.51	-1.52	-1.52	-1.54	-1.58	-1.58	-1.60	-1.63	-1.65	-1.67	-1.46	-1.47	-1.45	-1.26	-1.29
	-1.61	-1.56	-1.56	-1.56	-1.57	-1.56	-1.55	-1.56	-1.58	-1.59	-1.60	-1.38	-1.39	-1.34	-1.15	-1.18
	-1.61	-1.60	-1.59	-1.58	-1.59	-1.53	-1.50	-1.50	-1.51	-1.51	-1.51	-1.29	-1.28	-1.22	-1.01	-1.05
	-1.59	-1.62	-1.61	-1.60	-1.60	-1.49	-1.44	-1.44	-1.43	-1.43	-1.41	-1.18	-1.17	-1.09	-0.88	-0.91
	-1.57	-1.63	-1.61	-1.60	-1.59	-1.44	-1.37	-1.37	-1.34	-1.34	-1.30	-1.08	-1.06	-0.97	-0.76	-0.78
	-1.53	-1.63	-1.61	-1.59	-1.59	-1.39	-1.32	-1.30	-1.27	-1.26	-1.21	-0.99	-0.96	-0.87	-0.65	-0.68
	-1.50	-1.62	-1.61	-1.59	-1.58	-1.35	-1.28	-1.26	-1.21	-1.20	-1.15	-0.92	-0.89	-0.79	-0.58	-0.60
	-1.47	-1.61	-1.61	-1.59	-1.58	-1.33	-1.26	-1.24	-1.18	-1.17	-1.12	-0.89	-0.85	-0.75	-0.55	-0.57
	-1.45	-1.61	-1.61	-1.59	-1.58	-1.33	-1.26	-1.24	-1.19	-1.18	-1.13	-0.88	-0.85	-0.75	-0.56	-0.58
	-1.44	-1.60	-1.61	-1.60	-1.60	-1.35	-1.29	-1.27	-1.22	-1.22	-1.18	-0.91	-0.89	-0.79	-0.61	-0.63
	-1.44	-1.60	-1.62	-1.61	-1.61	-1.39	-1.34	-1.33	-1.29	-1.29	-1.26	-0.98	-0.96	-0.87	-0.70	-0.72
	-1.46	-1.61	-1.64	-1.63	-1.64	-1.44	-1.40	-1.40	-1.37	-1.38	-1.37	-1.07	-1.06	-0.98	-0.82	-0.85
	-1.49	-1.61	-1.65	-1.65	-1.66	-1.51	-1.48	-1.49	-1.48	-1.49	-1.49	-1.19	-1.18	-1.12	-0.96	-1.00
	-1.52	-1.63	-1.67	-1.67	-1.69	-1.58	-1.56	-1.58	-1.58	-1.61	-1.62	-1.31	-1.31	-1.26	-1.12	-1.16
	-1.56	-1.64	-1.69	-1.70	-1.72	-1.65	-1.65	-1.68	-1.69	-1.72	-1.74	-1.44	-1.45	-1.41	-1.28	-1.32
	-1.60	-1.65	-1.71	-1.72	-1.75	-1.72	-1.73	-1.77	-1.79	-1.82	-1.85	-1.56	-1.57	-1.54	-1.42	-1.46
	-1.64	-1.67	-1.73	-1.74	-1.77	-1.78	-1.79	-1.84	-1.86	-1.90	-1.93	-1.66	-1.66	-1.64	-1.52	-1.56
	-1.66	-1.68	-1.74	-1.76	-1.79	-1.83	-1.84	-1.89	-1.91	-1.95	-1.98	-1.73	-1.72	-1.70	-1.59	-1.62
	-1.67	-1.70	-1.75	-1.77	-1.80	-1.85	-1.87	-1.91	-1.93	-1.96	-1.98	-1.75	-1.73	-1.71	-1.60	-1.63
	-1.66	-1.71	-1.76	-1.77	-1.81	-1.86	-1.87	-1.91	-1.92	-1.94	-1.96	-1.73	-1.70	-1.67	-1.56	-1.58
	-1.64	-1.71	-1.76	-1.77	-1.80	-1.84	-1.85	-1.88	-1.89	-1.89	-1.89	-1.67	-1.63	-1.59	-1.48	-1.48
	-1.60	-1.71	-1.76	-1.76	-1.79	-1.81	-1.81	-1.84	-1.83	-1.82	-1.81	-1.58	-1.52	-1.48	-1.36	-1.35
	-1.56	-1.71	-1.76	-1.75	-1.77	-1.78	-1.77	-1.78	-1.76	-1.74	-1.71	-1.47	-1.41	-1.36	-1.23	-1.22
	-1.52	-1.72	-1.76	-1.74	-1.75	-1.74	-1.72	-1.72	-1.70	-1.66	-1.62	-1.37	-1.29	-1.24	-1.10	-1.09
	-1.49	-1.72	-1.77	-1.73	-1.74	-1.70	-1.68	-1.67	-1.64	-1.60	-1.55	-1.28	-1.21	-1.16	-1.01	-0.99
	-1.48	-1.74	-1.78	-1.74	-1.74	-1.69	-1.66	-1.65	-1.61	-1.57	-1.51	-1.23	-1.16	-1.12	-0.96	-0.94
	-1.51	-1.77	-1.81	-1.76	-1.75	-1.69	-1.67	-1.65	-1.61	-1.57	-1.51	-1.23	-1.16	-1.13	-0.96	-0.95
	-1.56	-1.81	-1.84	-1.79	-1.79	-1.72	-1.70	-1.67	-1.64	-1.60	-1.55	-1.26	-1.20	-1.18	-1.01	-1.01
	-1.65	-1.86	-1.88	-1.84	-1.83	-1.77	-1.75	-1.72	-1.70	-1.66	-1.62	-1.34	-1.29	-1.28	-1.10	-1.11
	-1.75	-1.91	-1.93	-1.90	-1.88	-1.83	-1.81	-1.79	-1.77	-1.74	-1.71	-1.43	-1.40	-1.40	-1.22	-1.23
	-1.87	-1.97	-1.98	-1.95	-1.94	-1.89	-1.88	-1.86	-1.84	-1.83	-1.80	-1.54	-1.52	-1.52	-1.35	-1.36
	-1.98	-2.02	-2.03	-2.00	-1.99	-1.95	-1.94	-1.93	-1.91	-1.91	-1.89	-1.64	-1.63	-1.63	-1.46	-1.48
	-2.06	-2.06	-2.06	-2.04	-2.03	-1.99	-1.99	-1.98	-1.96	-1.96	-1.96	-1.73	-1.72	-1.71	-1.55	-1.56
	-2.11	-2.08	-2.08	-2.07	-2.06	-2.01	-2.02	-2.01	-1.99	-2.00	-2.00	-1.78	-1.77	-1.76	-1.60	-1.61
	-2.12	-2.10	-2.09	-2.08	-2.07	-2.02	-2.02	-2.02	-1.99	-2.00	-2.02	-1.80	-1.79	-1.77	-1.61	-1.63
	-2.09	-2.10	-2.08	-2.08	-2.07	-2.01	-2.01	-2.01	-1.98	-1.99	-2.00	-1.79	-1.79	-1.76	-1.60	-1.62
	-2.02	-2.09	-2.07	-2.07	-2.06	-1.99	-2.00	-1.99	-1.96	-1.96	-1.98	-1.77	-1.76	-1.73	-1.57	-1.59
	-1.93	-2.08	-2.06	-2.06	-2.05	-1.97	-1.98	-1.97	-1.93	-1.93	-1.95	-1.74	-1.74	-1.71	-1.54	-1.56
	-1.83	-2.07	-2.05	-2.05	-2.04	-1.96	-1.96	-1.96	-1.92	-1.91	-1.92	-1.73	-1.72	-1.70	-1.53	-1.56
	-1.73	-2.06	-2.05	-2.05	-2.04	-1.96	-1.96	-1.96	-1.92	-1.90	-1.92	-1.74	-1.73	-1.72	-1.55	-1.58
	-1.66	-2.05	-2.05	-2.05	-2.04	-1.97	-1.98	-1.97	-1.94	-1.92	-1.95	-1.78	-1.78	-1.78	-1.61	-1.65
	-1.62	-2.05	-2.05	-2.06	-2.06	-2.00	-2.02	-2.00	-1.98	-1.97	-2.00	-1.85	-1.87	-1.88	-1.72	-1.76
	-1.61	-2.04	-2.05	-2.08	-2.08	-2.05	-2.06	-2.05	-2.04	-2.04	-2.08	-1.97	-1.99	-2.02	-1.86	-1.91
	-1.63	-2.03	-2.05	-2.09	-2.09	-2.10	-2.12	-2.11	-2.12	-2.13	-2.18	-2.11	-2.14	-2.18	-2.04	-2.08
	-1.69	-2.02	-2.05	-2.10	-2.11	-2.15	-2.18	-2.18	-2.21	-2.23	-2.30	-2.27	-2.32	-2.36	-2.23	-2.27
	-1.76	-2.00	-2.04	-2.10	-2.12	-2.19	-2.23	-2.25	-2.29	-2.33	-2.41	-2.44	-2.49	-2.54	-2.41	-2.44
	-1.84	-1.98	-2.03	-2.10	-2.13	-2.23	-2.28	-2.31	-2.36	-2.42	-2.51	-2.59	-2.65	-2.70	-2.57	-2.59
	-1.91	-1.95	-2.01	-2.09	-2.12	-2.26	-2.32	-2.35	-2.42	-2.49	-2.59	-2.71	-2.77	-2.81	-2.68	-2.70
	-1.97	-1.92	-1.99	-2.07	-2.11	-2.26	-2.33	-2.38	-2.45	-2.53	-2.63	-2.79	-2.84	-2.87	-2.74	-2.74
	-2.01	-1.90	-1.97	-2.05	-2.10	-2.25	-2.33	-2.38	-2.45	-2.53	-2.64	-2.81	-2.85	-2.86	-2.73	-2.72
	-2.03	-1.87	-1.96	-2.02	-2.07	-2.22	-2.30	-2.35	-2.41	-2.50	-2.59	-2.77	-2.79	-2.78	-2.64	-2.62
	-2.02	-1.85	-1.94	-1.99	-2.04	-2.17	-2.24	-2.29	-2.34	-2.42	-2.51	-2.66	-2.67	-2.64	-2.49	-2.47
	-1.98	-1.83	-1.92	-1.96	-2.01	-2.11	-2.17	-2.20	-2.24	-2.31	-2.38	-2.50	-2.49	-2.43	-2.29	-2.25
	-1.92	-1.80	-1.89	-1.91	-1.96	-2.02	-2.07	-2.09	-2.11	-2.17	-2.22	-2.29	-2.26	-2.19	-2.04	-2.01
	-1.84	-1.78	-1.86	-1.86	-1.91	-1.93	-1.95	-1.96	-1.97	-2.01	-2.04	-2.05	-2.01	-1.92	-1.78	-1.75
	-1.75	-1.75	-1.82	-1.81	-1.85	-1.82	-1.83	-1.83	-1.82	-1.85	-1.86	-1.80	-1.76	-1.66	-1.52	-1.49
	-1.67	-1.72	-1.78	-1.75	-1.79	-1.72	-1.72	-1.70	-1.68	-1.69	-1.69	-1.57	-1.52	-1.42	-1.28	-1.26
	-1.59	-1.68	-1.73	-1.68	-1.72	-1.62	-1.60	-1.58	-1.55	-1.55	-1.54	-1.36	-1.31	-1.22	-1.09	-1.07
	-1.53	-1.64	-1.67	-1.62	-1.66	-1.54	-1.51	-1.48	-1.45	-1.43	-1.41	-1.19	-1.14	-1.06	-0.94	-0.92
	-1.49	-1.59	-1.62	-1.56	-1.60	-1.46	-1.43	-1.40	-1.37	-1.34	-1.32	-1.06	-1.02	-0.96	-0.83	-0.83
	-1.47	-1.55	-1.56	-1.50	-1.55	-1.40	-1.36	-1.34	-1.31	-1.28	-1.25	-0.97	-0.93	-0.89	-0.77	-0.77
	-1.46	-1.50	-1.51	-1.45	-1.51	-1.36	-1.31	-1.30	-1.26	-1.24	-1.21	-0.92	-0.88	-0.86	-0.74	-0.74
	-1.47	-1.46	-1.46	-1.41	-1.47	-1.32	-1.28	-1.26	-1.23	-1.21	-1.19	-0.89	-0.85	-0.84	-0.72	-0.72
	-1.50	-1.42	-1.42	-1.38	-1.44	-1.29	-1.24	-1.23	-1.21	-1.18	-1.17	-0.86	-0.83	-0.82	-0.71	-0.71
	-1.52	-1.38	-1.38	-1.35	-1.41	-1.26	-1.21	-1.20	-1.18	-1.16	-1.15	-0.84	-0.81	-0.81	-0.69	-0.69
	-1.54	-1.34	-1.35	-1.32	-1.38	-1.24	-1.18	-1.17	-1.15	-1.14	-1.12	-0.82	-0.78	-0.78	-0.66	-0.65
	-1.55	-1.31	-1.32	-1.29	-1.35	-1.21	-1.15	-1.14	-1.11	-1.11	-1.09	-0.79	-0.75	-0.74	-0.62	-0.60
	-1.55	-1.28	-1.29	-1.27	-1.31	-1.18	-1.12	-1.10	-1.08	-1.08	-1.06	-0.76	-0.71	-0.70	-0.57	-0.55
	-1.54	-1.25	-1.27	-1.24	-1.28	-1.15	-1.10	-1.07	-1.04	-1.05	-1.03	-0.74	-0.68	-0.66	-0.53	-0.51
	-1.51	-1.23	-1.25	-1.22	-1.24	-1.13	-1.08	-1.05	-1.02	-1.03	-1.00	-0.72	-0.67	-0.64	-0.51	-0.48
	-1.47	-1.22	-1.23	-1.19	-1.20	-1.12	-1.07	-1.03	-1.00	-1.03	-0.99	-0.72	-0.68	-0.64	-0.51	-0.48
	-1.42	-1.20	-1.21	-1.17	-1.17	-1.11	-1.07	-1.03	-1.00	-1.03	-0.99	-0.75	-0.70	-0.67	-0.53	-0.50
	-1.35	-1.19	-1.19	-1.14	-1.13	-1.11	-1.08	-1.04	-1.00	-1.04	-1.00	-0.78	-0.75	-0.71	-0.57	-0.55
	-1.28	-1.17	-1.17	-1.11	-1.10	-1.10	-1.09	-1.04	-1.01	-1.05	-1.01	-0.83	-0.80	-0.76	-0.64	-0.61
	-1.20	-1.15	-1.15	-1.08	-1.07	-1.10	-1.10	-1.05	-1.02	-1.06	-1.02	-0.88	-0.86	-0.81	-0.70	-0.67
	-1.11	-1.12	-1.12	-1.05	-1.04	-1.10	-1.10	-1.05	-1.02	-1.06	-1.02	-0.92	-0.91	-0.85	-0.75	-0.72
	-1.02	-1.10	-1.10	-1.03	-1.02	-1.08	-1.09	-1.04	-1.01	-1.05	-1.01	-0.95	-0.93	-0.88	-0.79	-0.76
	-0.93	-1.08	-1.09	-1.01	-1.00	-1.07	-1.08	-1.03	-0.99	-1.03	-0.99	-0.95	-0.94	-0.87	-0.80	-0.77
	-0.84	-1.08	-1.08	-1.01	-0.99	-1.05	-1.05	-1.01	-0.97	-1.00	-0.96	-0.93	-0.92	-0.84	-0.78	-0.75
	-0.77	-1.09	-1.09	-1.01	-1.00	-1.04	-1.03	-0.98	-0.95	-0.96	-0.92	-0.90	-0.88	-0.80	-0.75	-0.72
	-0.71	-1.11	-1.11	-1.03	-1.01	-1.03	-1.01	-0.97	-0.93	-0.93	-0.89	-0.86	-0.83	-0.75	-0.70	-0.68
	-0.67	-1.16	-1.15	-1.06	-1.04	-1.04	-1.00	-0.96	-0.92	-0.91	-0.86	-0.82	-0.79	-0.70	-0.66	-0.64
	-0.66	-1.21	-1.20	-1.11	-1.08	-1.06	-1.01	-0.97	-0.93	-0.91	-0.85	-0.80	-0.77	-0.67	-0.64	-0.63
	-0.68	-1.28	-1.25	-1.16	-1.13	-1.09	-1.03	-0.99	-0.95	-0.92	-0.86	-0.80	-0.77	-0.67	-0.64	-0.64
	-0.71	-1.33	-1.31	-1.21	-1.17	-1.13	-1.07	-1.03	-0.99	-0.94	-0.88	-0.83	-0.80	-0.70	-0.68	-0.69
	-0.76	-1.38	-1.35	-1.25	-1.22	-1.18	-1.11	-1.08	-1.04	-0.99	-0.93	-0.89	-0.86	-0.77	-0.74	-0.76
	-0.82	-1.41	-1.38	-1.28	-1.25	-1.22	-1.16	-1.13	-1.09	-1.04	-0.98	-0.97	-0.94	-0.85	-0.83	-0.86
	-0.87	-1.41	-1.39	-1.29	-1.27	-1.26	-1.20	-1.18	-1.15	-1.10	-1.05	-1.06	-1.03	-0.96	-0.94	-0.97
	-0.92	-1.40	-1.39	-1.29	-1.29	-1.29	-1.25	-1.23	-1.20	-1.15	-1.12	-1.15	-1.12	-1.06	-1.05	-1.09
	-0.96	-1.38	-1.37	-1.28	-1.29	-1.32	-1.29	-1.27	-1.26	-1.21	-1.19	-1.23	-1.21	-1.16	-1.15	-1.19
	-0.99	-1.34	-1.35	-1.27	-1.29	-1.33	-1.32	-1.30	-1.31	-1.26	-1.25	-1.31	-1.29	-1.25	-1.23	-1.28
	-1.01	-1.31	-1.33	-1.25	-1.29	-1.34	-1.35	-1.34	-1.35	-1.31	-1.31	-1.36	-1.35	-1.31	-1.30	-1.34
	-1.03	-1.29	-1.31	-1.25	-1.30	-1.35	-1.37	-1.37	-1.39	-1.35	-1.36	-1.39	-1.38	-1.35	-1.34	-1.37
	-1.06	-1.27	-1.30	-1.25	-1.30	-1.36	-1.39	-1.39	-1.42	-1.38	-1.40	-1.39	-1.39	-1.37	-1.35	-1.38
	-1.08	-1.27	-1.31	-1.26	-1.32	-1.37	-1.40	-1.41	-1.44	-1.41	-1.43	-1.38	-1.38	-1.35	-1.33	-1.36
	-1.11	-1.28	-1.32	-1.27	-1.33	-1.38	-1.41	-1.42	-1.45	-1.41	-1.45	-1.35	-1.35	-1.32	-1.29	-1.31
	-1.14	-1.30	-1.33	-1.28	-1.34	-1.37	-1.41	-1.42	-1.44	-1.41	-1.44	-1.30	-1.30	-1.26	-1.23	-1.24
	-1.17	-1.31	-1.34	-1.29	-1.35	-1.36	-1.39	-1.40	-1.42	-1.38	-1.42	-1.24	-1.24	-1.19	-1.16	-1.16
	-1.18	-1.32	-1.34	-1.29	-1.34	-1.34	-1.36	-1.37	-1.37	-1.34	-1.38	-1.16	-1.16	-1.10	-1.07	-1.06
	-1.18	-1.32	-1.33	-1.28	-1.33	-1.30	-1.31	-1.32	-1.31	-1.28	-1.32	-1.08	-1.07	-1.01	-0.97	-0.95
	-1.16	-1.32	-1.31	-1.26	-1.30	-1.24	-1.25	-1.26	-1.24	-1.21	-1.25	-1.00	-0.99	-0.91	-0.87	-0.85
	-1.12	-1.30	-1.28	-1.23	-1.26	-1.18	-1.18	-1.19	-1.16	-1.13	-1.17	-0.92	-0.91	-0.83	-0.79	-0.77
	-1.07	-1.27	-1.24	-1.19	-1.21	-1.12	-1.11	-1.12	-1.08	-1.06	-1.10	-0.86	-0.85	-0.76	-0.73	-0.71
	-1.02	-1.24	-1.21	-1.15	-1.16	-1.05	-1.05	-1.05	-1.02	-1.00	-1.05	-0.82	-0.80	-0.72	-0.70	-0.68
	-0.97	-1.20	-1.17	-1.10	-1.11	-1.00	-1.00	-1.00	-0.97	-0.96	-1.01	-0.81	-0.79	-0.71	-0.71	-0.69
	-0.93	-1.16	-1.13	-1.06	-1.06	-0.96	-0.96	-0.96	-0.94	-0.94	-0.99	-0.81	-0.80	-0.73	-0.75	-0.74
	-0.92	-1.11	-1.08	-1.02	-1.02	-0.93	-0.94	-0.94	-0.93	-0.93	-0.99	-0.84	-0.83	-0.78	-0.81	-0.82
	-0.91	-1.06	-1.04	-0.97	-0.97	-0.92	-0.93	-0.93	-0.93	-0.94	-1.00	-0.88	-0.87	-0.84	-0.89	-0.90
	-0.92	-1.00	-0.99	-0.92	-0.93	-0.91	-0.92	-0.92	-0.94	-0.95	-1.02	-0.91	-0.92	-0.90	-0.96	-0.99
	-0.93	-0.94	-0.94	-0.87	-0.88	-0.90	-0.91	-0.91	-0.94	-0.96	-1.02	-0.94	-0.94	-0.94	-1.02	-1.06
	-0.94	-0.88	-0.88	-0.82	-0.83	-0.88	-0.89	-0.89	-0.93	-0.95	-1.01	-0.94	-0.95	-0.96	-1.04	-1.09
	-0.94	-0.81	-0.82	-0.76	-0.78	-0.86	-0.86	-0.86	-0.91	-0.92	-0.98	-0.91	-0.92	-0.94	-1.03	-1.08
	-0.93	-0.75	-0.77	-0.71	-0.73	-0.82	-0.81	-0.81	-0.86	-0.87	-0.92	-0.85	-0.86	-0.88	-0.98	-1.03
	-0.90	-0.70	-0.72	-0.66	-0.69	-0.77	-0.76	-0.75	-0.80	-0.81	-0.85	-0.77	-0.77	-0.80	-0.89	-0.95
	-0.86	-0.66	-0.68	-0.61	-0.65	-0.72	-0.70	-0.69	-0.74	-0.73	-0.76	-0.67	-0.67	-0.69	-0.78	-0.84
	-0.83	-0.63	-0.65	-0.59	-0.63	-0.67	-0.64	-0.63	-0.67	-0.65	-0.67	-0.56	-0.56	-0.58	-0.66	-0.72
	-0.80	-0.62	-0.64	-0.57	-0.62	-0.62	-0.59	-0.58	-0.61	-0.59	-0.60	-0.46	-0.46	-0.48	-0.55	-0.62
	-0.80	-0.63	-0.64	-0.57	-0.62	-0.59	-0.56	-0.55	-0.58	-0.54	-0.54	-0.39	-0.38	-0.40	-0.47	-0.54
	-0.82	-0.65	-0.66	-0.58	-0.63	-0.58	-0.55	-0.54	-0.57	-0.53	-0.52	-0.34	-0.33	-0.35	-0.42	-0.49
	-0.86	-0.68	-0.68	-0.60	-0.65	-0.59	-0.56	-0.56	-0.59	-0.54	-0.53	-0.33	-0.32	-0.34	-0.41	-0.48
	-0.93	-0.71	-0.71	-0.63	-0.68	-0.62	-0.60	-0.61	-0.63	-0.59	-0.58	-0.35	-0.34	-0.37	-0.44	-0.51
	-1.00	-0.74	-0.74	-0.67	-0.72	-0.66	-0.66	-0.68	-0.70	-0.67	-0.65	-0.39	-0.39	-0.43	-0.50	-0.57
	-1.08	-0.76	-0.77	-0.70	-0.75	-0.73	-0.73	-0.76	-0.78	-0.76	-0.75	-0.46	-0.47	-0.52	-0.58	-0.64
	-1.15	-0.79	-0.80	-0.74	-0.79	-0.80	-0.81	-0.85	-0.88	-0.86	-0.86	-0.55	-0.56	-0.62	-0.67	-0.74
	-1.20	-0.81	-0.82	-0.77	-0.82	-0.87	-0.90	-0.95	-0.97	-0.97	-0.97	-0.65	-0.67	-0.74	-0.78	-0.84
	-1.23	-0.83	-0.84	-0.80	-0.85	-0.94	-0.98	-1.03	-1.06	-1.07	-1.07	-0.75	-0.77	-0.85	-0.89	-0.94
	-1.24	-0.84	-0.86	-0.83	-0.87	-1.00	-1.05	-1.11	-1.14	-1.15	-1.16	-0.84	-0.88	-0.97	-1.01	-1.04
	-1.23	-0.84	-0.87	-0.85	-0.88	-1.05	-1.10	-1.16	-1.20	-1.22	-1.24	-0.93	-0.98	-1.08	-1.11	-1.14
	-1.20	-0.85	-0.88	-0.86	-0.89	-1.08	-1.14	-1.20	-1.24	-1.26	-1.29	-1.01	-1.06	-1.17	-1.20	-1.22
	-1.17	-0.84	-0.88	-0.86	-0.88	-1.10	-1.16	-1.21	-1.26	-1.28	-1.31	-1.06	-1.13	-1.23	-1.27	-1.28
	-1.12	-0.83	-0.87	-0.86	-0.87	-1.09	-1.15	-1.20	-1.25	-1.27	-1.30	-1.10	-1.16	-1.27	-1.31	-1.31
	-1.07	-0.81	-0.85	-0.84	-0.85	-1.07	-1.12	-1.17	-1.21	-1.23	-1.26	-1.09	-1.16	-1.26	-1.31	-1.30
	-1.01	-0.78	-0.82	-0.81	-0.81	-1.03	-1.07	-1.11	-1.15	-1.17	-1.19	-1.05	-1.11	-1.21	-1.27	-1.24
	-0.94	-0.74	-0.78	-0.76	-0.77	-0.97	-1.00	-1.02	-1.06	-1.07	-1.08	-0.97	-1.02	-1.11	-1.17	-1.14
	-0.86	-0.69	-0.73	-0.71	-0.71	-0.89	-0.91	-0.92	-0.94	-0.95	-0.96	-0.86	-0.90	-0.96	-1.02	-0.99
	-0.78	-0.63	-0.66	-0.64	-0.64	-0.79	-0.80	-0.79	-0.80	-0.81	-0.81	-0.70	-0.73	-0.78	-0.84	-0.80
	-0.68	-0.56	-0.59	-0.56	-0.56	-0.68	-0.68	-0.66	-0.65	-0.65	-0.65	-0.53	-0.54	-0.57	-0.62	-0.59
	-0.57	-0.48	-0.51	-0.48	-0.48	-0.56	-0.56	-0.52	-0.49	-0.49	-0.48	-0.34	-0.34	-0.34	-0.40	-0.37
	-0.47	-0.41	-0.43	-0.39	-0.40	-0.45	-0.43	-0.38	-0.34	-0.34	-0.32	-0.16	-0.15	-0.13	-0.18	-0.15
	-0.38	-0.33	-0.36	-0.31	-0.32	-0.33	-0.31	-0.25	-0.21	-0.20	-0.18	0.01	0.02	0.06	0.01	0.03
	-0.31	-0.27	-0.30	-0.23	-0.25	-0.23	-0.21	-0.15	-0.10	-0.09	-0.06	0.14	0.16	0.21	0.16	0.17
	-0.26	-0.22	-0.25	-0.18	-0.20	-0.15	-0.13	-0.07	-0.02	-0.01	0.02	0.23	0.25	0.30	0.26	0.27
	-0.26	-0.18	-0.21	-0.13	-0.16	-0.10	-0.08	-0.02	0.02	0.03	0.06	0.28	0.30	0.35	0.30	0.30
	-0.28	-0.16	-0.19	-0.11	-0.15	-0.08	-0.06	-0.01	0.02	0.04	0.06	0.28	0.30	0.34	0.29	0.29
	-0.34	-0.17	-0.20	-0.11	-0.15	-0.08	-0.08	-0.03	-0.01	0.01	0.03	0.25	0.26	0.28	0.24	0.23
	-0.43	-0.18	-0.21	-0.13	-0.17	-0.11	-0.11	-0.08	-0.07	-0.05	-0.03	0.18	0.18	0.19	0.14	0.13
	-0.54	-0.21	-0.23	-0.16	-0.21	-0.17	-0.17	-0.15	-0.15	-0.13	-0.11	0.08	0.08	0.07	0.03	0.01
	-0.65	-0.24	-0.26	-0.19	-0.24	-0.23	-0.24	-0.23	-0.25	-0.22	-0.21	-0.02	-0.03	-0.06	-0.11	-0.12
	-0.76	-0.27	-0.28	-0.22	-0.28	-0.29	-0.31	-0.31	-0.33	-0.31	-0.30	-0.13	-0.14	-0.19	-0.24	-0.25
	-0.85	-0.28	-0.30	-0.24	-0.30	-0.35	-0.37	-0.39	-0.41	-0.39	-0.38	-0.22	-0.24	-0.31	-0.36	-0.37
	-0.91	-0.28	-0.30	-0.24	-0.31	-0.39	-0.41	-0.44	-0.47	-0.46	-0.45	-0.31	-0.33	-0.41	-0.47	-0.48
	-0.95	-0.26	-0.29	-0.23	-0.30	-0.42	-0.44	-0.47	-0.51	-0.50	-0.50	-0.37	-0.40	-0.49	-0.55	-0.56
	-0.96	-0.23	-0.26	-0.21	-0.28	-0.43	-0.45	-0.48	-0.52	-0.53	-0.52	-0.42	-0.46	-0.55	-0.62	-0.63
	-0.94	-0.20	-0.23	-0.18	-0.25	-0.41	-0.44	-0.47	-0.52	-0.53	-0.53	-0.45	-0.49	-0.60	-0.67	-0.68
	-0.90	-0.16	-0.20	-0.14	-0.21	-0.39	-0.42	-0.45	-0.50	-0.52	-0.51	-0.47	-0.52	-0.62	-0.70	-0.71
	-0.85	-0.12	-0.18	-0.11	-0.18	-0.37	-0.40	-0.42	-0.47	-0.50	-0.49	-0.49	-0.54	-0.64	-0.72	-0.74
	-0.80	-0.11	-0.16	-0.10	-0.16	-0.34	-0.37	-0.39	-0.44	-0.47	-0.47	-0.51	-0.55	-0.65	-0.74	-0.76
	-0.76	-0.10	-0.17	-0.09	-0.15	-0.32	-0.35	-0.37	-0.42	-0.45	-0.45	-0.54	-0.58	-0.66	-0.75	-0.78
	-0.74	-0.12	-0.18	-0.11	-0.16	-0.32	-0.34	-0.36	-0.41	-0.44	-0.44	-0.57	-0.60	-0.68	-0.77	-0.80
	-0.73	-0.14	-0.21	-0.13	-0.18	-0.32	-0.34	-0.36	-0.41	-0.44	-0.44	-0.61	-0.64	-0.70	-0.79	-0.83
	-0.74	-0.18	-0.25	-0.17	-0.21	-0.33	-0.34	-0.37	-0.42	-0.44	-0.44	-0.65	-0.67	-0.72	-0.81	-0.85
	-0.76	-0.22	-0.28	-0.21	-0.24	-0.34	-0.35	-0.38	-0.44	-0.46	-0.46	-0.68	-0.70	-0.74	-0.83	-0.87
	-0.78	-0.25	-0.32	-0.24	-0.27	-0.35	-0.36	-0.40	-0.45	-0.47	-0.47	-0.71	-0.72	-0.75	-0.84	-0.88
	-0.81	-0.27	-0.34	-0.27	-0.29	-0.36	-0.37	-0.42	-0.47	-0.49	-0.49	-0.73	-0.73	-0.75	-0.84	-0.87
	-0.82	-0.28	-0.35	-0.28	-0.31	-0.36	-0.37	-0.43	-0.48	-0.49	-0.50	-0.73	-0.72	-0.74	-0.82	-0.85
	-0.81	-0.28	-0.35	-0.29	-0.31	-0.36	-0.37	-0.43	-0.48	-0.49	-0.50	-0.71	-0.70	-0.71	-0.79	-0.81
	-0.77	-0.28	-0.34	-0.28	-0.31	-0.35	-0.36	-0.42	-0.47	-0.48	-0.48	-0.67	-0.66	-0.67	-0.74	-0.76
	-0.71	-0.26	-0.33	-0.27	-0.30	-0.33	-0.35	-0.40	-0.44	-0.45	-0.46	-0.63	-0.61	-0.62	-0.69	-0.71
	-0.63	-0.25	-0.31	-0.25	-0.28	-0.31	-0.33	-0.38	-0.41	-0.42	-0.43	-0.59	-0.57	-0.58	-0.64	-0.65
	-0.54	-0.23	-0.29	-0.23	-0.26	-0.29	-0.32	-0.35	-0.38	-0.38	-0.40	-0.55	-0.53	-0.54	-0.59	-0.61
	-0.43	-0.21	-0.27	-0.21	-0.24	-0.28	-0.31	-0.33	-0.35	-0.35	-0.37	-0.52	-0.50	-0.51	-0.56	-0.58
	-0.32	-0.19	-0.25	-0.19	-0.22	-0.27	-0.30	-0.31	-0.32	-0.32	-0.34	-0.50	-0.49	-0.49	-0.56	-0.58
	-0.21	-0.18	-0.23	-0.17	-0.20	-0.27	-0.30	-0.30	-0.30	-0.30	-0.33	-0.50	-0.49	-0.50	-0.57	-0.60
	-0.10	-0.16	-0.21	-0.16	-0.19	-0.27	-0.30	-0.29	-0.29	-0.30	-0.33	-0.51	-0.50	-0.52	-0.60	-0.63
	-0.01	-0.14	-0.20	-0.14	-0.19	-0.29	-0.31	-0.30	-0.30	-0.30	-0.34	-0.52	-0.52	-0.54	-0.64	-0.68
	0.06	-0.12	-0.18	-0.13	-0.18	-0.30	-0.33	-0.32	-0.31	-0.32	-0.36	-0.54	-0.54	-0.58	-0.68	-0.73
	0.13	-0.10	-0.17	-0.12	-0.18	-0.32	-0.35	-0.34	-0.33	-0.34	-0.38	-0.55	-0.56	-0.60	-0.71	-0.76
	0.18	-0.08	-0.16	-0.11	-0.18	-0.33	-0.36	-0.35	-0.34	-0.36	-0.40	-0.56	-0.57	-0.61	-0.73	-0.78
	0.23	-0.07	-0.15	-0.11	-0.18	-0.33	-0.36	-0.36	-0.35	-0.36	-0.40	-0.54	-0.55	-0.60	-0.72	-0.76
	0.26	-0.06	-0.15	-0.10	-0.17	-0.32	-0.35	-0.35	-0.34	-0.35	-0.38	-0.51	-0.52	-0.56	-0.68	-0.72
	0.30	-0.05	-0.14	-0.10	-0.15	-0.29	-0.32	-0.32	-0.30	-0.32	-0.35	-0.45	-0.46	-0.50	-0.61	-0.64
	0.33	-0.04	-0.13	-0.09	-0.13	-0.25	-0.27	-0.27	-0.25	-0.26	-0.28	-0.38	-0.38	-0.41	-0.52	-0.53
	0.37	-0.03	-0.12	-0.07	-0.11	-0.19	-0.20	-0.21	-0.18	-0.19	-0.20	-0.29	-0.29	-0.31	-0.40	-0.40
	0.40	-0.03	-0.11	-0.06	-0.07	-0.13	-0.13	-0.13	-0.10	-0.10	-0.10	-0.19	-0.19	-0.20	-0.28	-0.26
	0.44	-0.03	-0.11	-0.04	-0.04	-0.06	-0.06	-0.06	-0.01	-0.01	-0.01	-0.10	-0.10	-0.10	-0.17	-0.14
	0.47	-0.04	-0.10	-0.03	-0.02	-0.01	0.01	0.01	0.06	0.07	0.08	-0.03	-0.02	-0.01	-0.07	-0.03
	0.49	-0.05	-0.11	-0.03	-0.01	0.03	0.05	0.05	0.11	0.13	0.14	0.03	0.04	0.04	-0.01	0.04
	0.50	-0.08	-0.13	-0.05	-0.01	0.04	0.07	0.07	0.13	0.16	0.17	0.05	0.06	0.06	0.02	0.07
	0.49	-0.12	-0.16	-0.08	-0.04	0.03	0.05	0.06	0.12	0.16	0.17	0.03	0.04	0.04	0.00	0.05
	0.45	-0.18	-0.21	-0.13	-0.08	-0.02	0.00	0.02	0.07	0.12	0.12	-0.02	-0.01	-0.02	-0.05	-0.01
	0.39	-0.25	-0.27	-0.19	-0.15	-0.09	-0.07	-0.05	-0.00	0.05	0.05	-0.10	-0.10	-0.11	-0.14	-0.10
	0.29	-0.32	-0.33	-0.26	-0.22	-0.18	-0.16	-0.14	-0.09	-0.04	-0.05	-0.20	-0.20	-0.22	-0.25	-0.21
	0.17	-0.39	-0.40	-0.34	-0.30	-0.28	-0.25	-0.23	-0.19	-0.14	-0.16	-0.32	-0.32	-0.35	-0.38	-0.34
	0.03	-0.46	-0.47	-0.41	-0.38	-0.37	-0.35	-0.32	-0.29	-0.24	-0.26	-0.44	-0.44	-0.48	-0.50	-0.47
	-0.11	-0.51	-0.52	-0.48	-0.45	-0.45	-0.43	-0.40	-0.38	-0.34	-0.37	-0.57	-0.56	-0.60	-0.63	-0.60
	-0.26	-0.56	-0.57	-0.53	-0.50	-0.52	-0.51	-0.48	-0.46	-0.43	-0.46	-0.68	-0.68	-0.72	-0.75	-0.72
	-0.40	-0.59	-0.60	-0.57	-0.55	-0.58	-0.57	-0.54	-0.53	-0.51	-0.54	-0.79	-0.78	-0.83	-0.86	-0.83
	-0.53	-0.61	-0.63	-0.60	-0.59	-0.63	-0.62	-0.60	-0.60	-0.58	-0.62	-0.88	-0.88	-0.93	-0.97	-0.95
	-0.65	-0.63	-0.65	-0.63	-0.62	-0.67	-0.68	-0.66	-0.66	-0.65	-0.69	-0.97	-0.98	-1.03	-1.08	-1.06
	-0.76	-0.64	-0.67	-0.65	-0.64	-0.72	-0.73	-0.72	-0.72	-0.72	-0.76	-1.06	-1.07	-1.12	-1.19	-1.17
	-0.85	-0.65	-0.68	-0.66	-0.67	-0.76	-0.78	-0.78	-0.79	-0.78	-0.83	-1.14	-1.15	-1.20	-1.29	-1.28
	-0.92	-0.65	-0.70	-0.68	-0.69	-0.80	-0.83	-0.84	-0.85	-0.84	-0.88	-1.20	-1.23	-1.27	-1.37	-1.37
	-0.98	-0.66	-0.71	-0.69	-0.71	-0.84	-0.87	-0.88	-0.89	-0.89	-0.92	-1.25	-1.28	-1.32	-1.43	-1.43
	-1.01	-0.65	-0.71	-0.70	-0.72	-0.86	-0.89	-0.91	-0.92	-0.91	-0.93	-1.27	-1.30	-1.34	-1.46	-1.46
	-1.02	-0.64	-0.70	-0.70	-0.71	-0.86	-0.89	-0.91	-0.92	-0.90	-0.92	-1.26	-1.29	-1.32	-1.44	-1.44
	-1.00	-0.62	-0.68	-0.68	-0.69	-0.83	-0.86	-0.88	-0.88	-0.86	-0.87	-1.21	-1.24	-1.26	-1.38	-1.38
	-0.95	-0.58	-0.64	-0.64	-0.65	-0.78	-0.80	-0.82	-0.82	-0.79	-0.79	-1.13	-1.16	-1.16	-1.29	-1.29
	-0.87	-0.53	-0.60	-0.59	-0.60	-0.70	-0.72	-0.74	-0.73	-0.70	-0.69	-1.02	-1.05	-1.05	-1.17	-1.17
	-0.76	-0.47	-0.54	-0.53	-0.54	-0.61	-0.62	-0.64	-0.63	-0.59	-0.58	-0.91	-0.94	-0.93	-1.04	-1.04
	-0.63	-0.41	-0.48	-0.47	-0.47	-0.51	-0.52	-0.54	-0.52	-0.48	-0.47	-0.80	-0.83	-0.81	-0.93	-0.92
	-0.50	-0.35	-0.42	-0.40	-0.40	-0.42	-0.43	-0.44	-0.43	-0.39	-0.38	-0.71	-0.74	-0.72	-0.84	-0.83
	-0.39	-0.30	-0.38	-0.35	-0.34	-0.34	-0.36	-0.37	-0.35	-0.32	-0.32	-0.64	-0.67	-0.66	-0.78	-0.77
	-0.29	-0.26	-0.34	-0.31	-0.30	-0.29	-0.30	-0.32	-0.30	-0.27	-0.28	-0.61	-0.65	-0.63	-0.76	-0.75
	-0.23	-0.24	-0.32	-0.28	-0.27	-0.25	-0.27	-0.29	-0.27	-0.24	-0.26	-0.61	-0.64	-0.62	-0.77	-0.75
	-0.20	-0.23	-0.31	-0.27	-0.26	-0.24	-0.26	-0.28	-0.26	-0.24	-0.26	-0.63	-0.66	-0.64	-0.79	-0.77
	-0.21	-0.24	-0.32	-0.26	-0.26	-0.25	-0.27	-0.28	-0.26	-0.24	-0.26	-0.65	-0.67	-0.65	-0.81	-0.79
	-0.24	-0.26	-0.33	-0.27	-0.27	-0.26	-0.27	-0.28	-0.27	-0.24	-0.26	-0.67	-0.68	-0.66	-0.82	-0.80
	-0.29	-0.29	-0.35	-0.28	-0.28	-0.27	-0.28	-0.29	-0.27	-0.24	-0.26	-0.68	-0.68	-0.66	-0.82	-0.79
	-0.35	-0.32	-0.37	-0.30	-0.30	-0.28	-0.29	-0.29	-0.26	-0.23	-0.25	-0.67	-0.66	-0.64	-0.79	-0.76
	-0.41	-0.35	-0.39	-0.32	-0.31	-0.29	-0.29	-0.29	-0.26	-0.22	-0.23	-0.65	-0.63	-0.61	-0.76	-0.73
	-0.45	-0.38	-0.42	-0.34	-0.33	-0.31	-0.30	-0.29	-0.26	-0.22	-0.21	-0.63	-0.60	-0.58	-0.73	-0.70
	-0.49	-0.40	-0.44	-0.36	-0.36	-0.32	-0.31	-0.29	-0.26	-0.22	-0.21	-0.61	-0.58	-0.57	-0.71	-0.68
	-0.51	-0.43	-0.47	-0.39	-0.39	-0.35	-0.34	-0.31	-0.28	-0.24	-0.23	-0.62	-0.59	-0.58	-0.71	-0.69
	-0.53	-0.45	-0.50	-0.42	-0.42	-0.38	-0.37	-0.35	-0.32	-0.28	-0.27	-0.65	-0.62	-0.62	-0.75	-0.73
	-0.55	-0.47	-0.53	-0.45	-0.46	-0.42	-0.41	-0.39	-0.37	-0.34	-0.33	-0.70	-0.68	-0.68	-0.80	-0.79
	-0.58	-0.49	-0.56	-0.49	-0.50	-0.47	-0.47	-0.45	-0.43	-0.40	-0.40	-0.77	-0.75	-0.76	-0.87	-0.87
	-0.62	-0.52	-0.59	-0.53	-0.55	-0.52	-0.52	-0.50	-0.49	-0.47	-0.47	-0.85	-0.83	-0.84	-0.95	-0.94
	-0.69	-0.54	-0.63	-0.57	-0.59	-0.57	-0.57	-0.55	-0.55	-0.54	-0.54	-0.91	-0.90	-0.91	-1.01	-1.01
	-0.76	-0.57	-0.66	-0.60	-0.63	-0.60	-0.61	-0.59	-0.60	-0.59	-0.59	-0.96	-0.95	-0.96	-1.05	-1.05
	-0.85	-0.61	-0.69	-0.64	-0.66	-0.63	-0.64	-0.61	-0.63	-0.62	-0.63	-0.99	-0.98	-0.99	-1.06	-1.06
	-0.93	-0.64	-0.73	-0.67	-0.69	-0.65	-0.65	-0.62	-0.64	-0.63	-0.64	-0.99	-0.99	-0.99	-1.05	-1.04
	-1.00	-0.68	-0.76	-0.70	-0.72	-0.66	-0.66	-0.61	-0.64	-0.62	-0.63	-0.97	-0.97	-0.96	-1.02	-1.01
	-1.05	-0.72	-0.79	-0.73	-0.74	-0.66	-0.65	-0.60	-0.62	-0.60	-0.61	-0.94	-0.94	-0.93	-0.98	-0.96
	-1.08	-0.76	-0.82	-0.76	-0.76	-0.66	-0.64	-0.58	-0.61	-0.58	-0.58	-0.91	-0.91	-0.90	-0.94	-0.92
	-1.07	-0.79	-0.84	-0.78	-0.77	-0.66	-0.63	-0.56	-0.59	-0.56	-0.54	-0.88	-0.89	-0.87	-0.92	-0.88
	-1.03	-0.82	-0.87	-0.80	-0.79	-0.66	-0.62	-0.55	-0.57	-0.53	-0.51	-0.86	-0.87	-0.85	-0.90	-0.86
	-0.96	-0.85	-0.89	-0.82	-0.80	-0.65	-0.61	-0.54	-0.55	-0.51	-0.49	-0.86	-0.87	-0.84	-0.89	-0.84
	-0.87	-0.87	-0.90	-0.84	-0.81	-0.65	-0.60	-0.53	-0.53	-0.50	-0.46	-0.86	-0.87	-0.84	-0.89	-0.83
	-0.75	-0.88	-0.91	-0.85	-0.82	-0.64	-0.59	-0.52	-0.52	-0.48	-0.44	-0.86	-0.87	-0.84	-0.89	-0.82
	-0.63	-0.89	-0.92	-0.86	-0.82	-0.64	-0.58	-0.51	-0.50	-0.46	-0.42	-0.87	-0.87	-0.83	-0.89	-0.81
	-0.51	-0.90	-0.93	-0.87	-0.82	-0.63	-0.57	-0.50	-0.49	-0.45	-0.40	-0.87	-0.86	-0.82	-0.87	-0.79
	-0.40	-0.91	-0.93	-0.87	-0.82	-0.62	-0.57	-0.50	-0.48	-0.43	-0.38	-0.88	-0.86	-0.80	-0.86	-0.77
	-0.30	-0.92	-0.94	-0.88	-0.82	-0.62	-0.57	-0.50	-0.47	-0.42	-0.37	-0.88	-0.85	-0.78	-0.84	-0.76
	-0.22	-0.93	-0.94	-0.88	-0.82	-0.63	-0.58	-0.50	-0.47	-0.42	-0.36	-0.89	-0.85	-0.77	-0.83	-0.75
	-0.17	-0.94	-0.95	-0.89	-0.82	-0.64	-0.59	-0.51	-0.48	-0.43	-0.37	-0.90	-0.86	-0.76	-0.84	-0.76
	-0.14	-0.94	-0.95	-0.90	-0.83	-0.66	-0.62	-0.54	-0.50	-0.46	-0.40	-0.93	-0.89	-0.78	-0.86	-0.79
	-0.14	-0.94	-0.95	-0.90	-0.84	-0.69	-0.65	-0.57	-0.54	-0.50	-0.45	-0.97	-0.93	-0.81	-0.90	-0.85
	-0.16	-0.94	-0.96	-0.91	-0.85	-0.73	-0.69	-0.62	-0.59	-0.55	-0.50	-1.02	-0.98	-0.86	-0.96	-0.92
	-0.20	-0.94	-0.96	-0.92	-0.86	-0.78	-0.74	-0.67	-0.64	-0.62	-0.57	-1.08	-1.05	-0.92	-1.03	-1.01
	-0.27	-0.94	-0.97	-0.93	-0.88	-0.82	-0.79	-0.73	-0.71	-0.69	-0.65	-1.13	-1.11	-0.99	-1.11	-1.10
	-0.36	-0.94	-0.97	-0.95	-0.90	-0.86	-0.83	-0.79	-0.77	-0.76	-0.73	-1.18	-1.17	-1.05	-1.18	-1.18
	-0.46	-0.95	-0.99	-0.96	-0.93	-0.91	-0.88	-0.84	-0.83	-0.83	-0.80	-1.23	-1.21	-1.11	-1.25	-1.25
	-0.57	-0.97	-1.01	-0.99	-0.96	-0.95	-0.92	-0.89	-0.89	-0.89	-0.87	-1.26	-1.25	-1.15	-1.30	-1.31
	-0.69	-0.99	-1.03	-1.02	-0.99	-0.98	-0.95	-0.94	-0.93	-0.94	-0.92	-1.28	-1.26	-1.17	-1.33	-1.34
	-0.80	-1.02	-1.06	-1.05	-1.02	-1.01	-0.98	-0.97	-0.97	-0.97	-0.96	-1.28	-1.27	-1.18	-1.34	-1.35
	-0.89	-1.05	-1.08	-1.08	-1.05	-1.04	-1.00	-0.99	-0.99	-0.99	-0.98	-1.28	-1.26	-1.18	-1.33	-1.34
	-0.96	-1.07	-1.10	-1.10	-1.07	-1.05	-1.01	-1.00	-1.00	-0.99	-0.98	-1.26	-1.24	-1.16	-1.31	-1.32
	-0.99	-1.09	-1.12	-1.11	-1.08	-1.05	-1.01	-1.00	-1.00	-0.98	-0.97	-1.24	-1.21	-1.13	-1.28	-1.28
	-0.99	-1.09	-1.12	-1.11	-1.08	-1.04	-1.00	-0.99	-0.98	-0.96	-0.95	-1.22	-1.18	-1.11	-1.25	-1.24
	-0.95	-1.09	-1.11	-1.10	-1.07	-1.02	-0.98	-0.97	-0.96	-0.94	-0.92	-1.19	-1.15	-1.08	-1.22	-1.20
	-0.88	-1.08	-1.10	-1.09	-1.06	-1.00	-0.96	-0.94	-0.93	-0.91	-0.88	-1.17	-1.13	-1.07	-1.20	-1.17
	-0.80	-1.06	-1.08	-1.06	-1.04	-0.97	-0.93	-0.92	-0.91	-0.89	-0.86	-1.15	-1.12	-1.07	-1.20	-1.16
	-0.72	-1.04	-1.06	-1.04	-1.01	-0.95	-0.91	-0.90	-0.89	-0.87	-0.84	-1.15	-1.12	-1.09	-1.22	-1.18
	-0.64	-1.01	-1.05	-1.01	-0.99	-0.93	-0.90	-0.89	-0.89	-0.87	-0.84	-1.17	-1.15	-1.14	-1.26	-1.22
	-0.59	-0.99	-1.03	-0.99	-0.97	-0.92	-0.90	-0.89	-0.90	-0.89	-0.86	-1.20	-1.19	-1.20	-1.33	-1.29
	-0.56	-0.97	-1.02	-0.98	-0.96	-0.92	-0.91	-0.90	-0.92	-0.91	-0.88	-1.25	-1.25	-1.28	-1.41	-1.36
	-0.55	-0.95	-1.01	-0.97	-0.95	-0.93	-0.93	-0.91	-0.94	-0.94	-0.92	-1.30	-1.32	-1.36	-1.49	-1.44
	-0.57	-0.92	-0.99	-0.95	-0.94	-0.94	-0.94	-0.93	-0.96	-0.97	-0.95	-1.36	-1.38	-1.43	-1.57	-1.51
	-0.59	-0.88	-0.97	-0.93	-0.92	-0.94	-0.95	-0.94	-0.97	-0.99	-0.97	-1.41	-1.44	-1.49	-1.61	-1.56
	-0.61	-0.84	-0.93	-0.91	-0.90	-0.94	-0.94	-0.93	-0.97	-0.99	-0.98	-1.43	-1.47	-1.52	-1.62	-1.57
	-0.62	-0.78	-0.89	-0.87	-0.87	-0.92	-0.93	-0.92	-0.96	-0.97	-0.97	-1.44	-1.47	-1.51	-1.59	-1.53
	-0.62	-0.73	-0.85	-0.83	-0.83	-0.89	-0.90	-0.89	-0.93	-0.94	-0.95	-1.41	-1.44	-1.47	-1.53	-1.46
	-0.61	-0.68	-0.80	-0.79	-0.79	-0.85	-0.87	-0.85	-0.88	-0.90	-0.91	-1.36	-1.38	-1.39	-1.42	-1.36
	-0.60	-0.63	-0.75	-0.75	-0.75	-0.81	-0.83	-0.81	-0.83	-0.85	-0.86	-1.29	-1.30	-1.29	-1.30	-1.24
	-0.58	-0.60	-0.72	-0.72	-0.72	-0.77	-0.79	-0.76	-0.78	-0.79	-0.80	-1.20	-1.20	-1.17	-1.17	-1.11
	-0.57	-0.58	-0.69	-0.70	-0.70	-0.73	-0.75	-0.72	-0.74	-0.74	-0.75	-1.11	-1.11	-1.06	-1.04	-0.98
	-0.57	-0.58	-0.68	-0.69	-0.68	-0.71	-0.72	-0.68	-0.69	-0.69	-0.70	-1.03	-1.02	-0.96	-0.92	-0.87
	-0.57	-0.58	-0.68	-0.68	-0.67	-0.69	-0.70	-0.65	-0.66	-0.66	-0.66	-0.96	-0.94	-0.87	-0.83	-0.79
	-0.57	-0.59	-0.68	-0.69	-0.67	-0.67	-0.68	-0.63	-0.63	-0.63	-0.62	-0.90	-0.87	-0.80	-0.76	-0.72
	-0.57	-0.60	-0.69	-0.69	-0.66	-0.66	-0.66	-0.61	-0.60	-0.60	-0.59	-0.85	-0.83	-0.75	-0.71	-0.68
	-0.56	-0.61	-0.69	-0.68	-0.66	-0.65	-0.64	-0.58	-0.57	-0.57	-0.55	-0.81	-0.78	-0.72	-0.67	-0.65
	-0.53	-0.61	-0.68	-0.66	-0.64	-0.62	-0.61	-0.55	-0.54	-0.53	-0.51	-0.77	-0.75	-0.69	-0.64	-0.62
	-0.48	-0.60	-0.66	-0.64	-0.61	-0.59	-0.58	-0.51	-0.49	-0.49	-0.46	-0.72	-0.71	-0.66	-0.61	-0.60
	-0.42	-0.58	-0.63	-0.60	-0.57	-0.55	-0.53	-0.47	-0.44	-0.44	-0.40	-0.67	-0.67	-0.62	-0.57	-0.56
	-0.35	-0.55	-0.59	-0.56	-0.53	-0.50	-0.48	-0.42	-0.39	-0.39	-0.34	-0.62	-0.61	-0.57	-0.53	-0.52
	-0.28	-0.51	-0.54	-0.51	-0.47	-0.44	-0.41	-0.36	-0.33	-0.33	-0.27	-0.55	-0.55	-0.52	-0.48	-0.47
	-0.21	-0.47	-0.50	-0.46	-0.42	-0.37	-0.35	-0.30	-0.27	-0.26	-0.19	-0.48	-0.49	-0.45	-0.42	-0.41
	-0.17	-0.43	-0.45	-0.41	-0.37	-0.31	-0.28	-0.24	-0.20	-0.19	-0.12	-0.40	-0.41	-0.38	-0.35	-0.34
	-0.13	-0.38	-0.39	-0.35	-0.31	-0.23	-0.20	-0.17	-0.14	-0.12	-0.04	-0.32	-0.34	-0.31	-0.28	-0.26
	-0.10	-0.32	-0.34	-0.29	-0.25	-0.16	-0.13	-0.10	-0.07	-0.05	0.03	-0.24	-0.26	-0.23	-0.22	-0.19
	-0.08	-0.25	-0.28	-0.23	-0.19	-0.09	-0.06	-0.04	-0.00	0.02	0.11	-0.17	-0.18	-0.15	-0.15	-0.11
	-0.05	-0.18	-0.21	-0.16	-0.12	-0.01	0.01	0.03	0.06	0.09	0.18	-0.10	-0.11	-0.09	-0.10	-0.05
	-0.00	-0.10	-0.14	-0.08	-0.05	0.06	0.08	0.09	0.13	0.15	0.24	-0.04	-0.05	-0.03	-0.05	0.01
	0.06	-0.02	-0.07	-0.00	0.02	0.12	0.14	0.14	0.18	0.20	0.29	0.01	-0.01	0.01	-0.02	0.04
	0.14	0.07	0.00	0.07	0.09	0.17	0.19	0.19	0.22	0.24	0.32	0.04	0.02	0.03	-0.01	0.06
	0.22	0.14	0.07	0.14	0.15	0.22	0.22	0.22	0.25	0.27	0.34	0.05	0.04	0.04	-0.01	0.07
	0.29	0.20	0.12	0.19	0.21	0.25	0.25	0.24	0.28	0.28	0.35	0.06	0.05	0.04	-0.02	0.06
	0.35	0.25	0.16	0.24	0.24	0.27	0.26	0.26	0.29	0.29	0.35	0.06	0.05	0.04	-0.03	0.05
	0.39	0.28	0.18	0.26	0.27	0.28	0.27	0.27	0.30	0.29	0.34	0.06	0.05	0.04	-0.03	0.05
	0.40	0.29	0.20	0.28	0.28	0.29	0.28	0.28	0.31	0.30	0.34	0.08	0.07	0.06	-0.01	0.06
	0.38	0.29	0.20	0.28	0.28	0.31	0.30	0.30	0.33	0.31	0.36	0.11	0.11	0.11	0.04	0.10
	0.35	0.28	0.19	0.28	0.28	0.33	0.32	0.33	0.35	0.35	0.39	0.17	0.17	0.17	0.11	0.17
	0.30	0.27	0.18	0.27	0.27	0.35	0.35	0.36	0.39	0.39	0.43	0.24	0.26	0.26	0.20	0.26
	0.24	0.25	0.17	0.26	0.26	0.38	0.39	0.41	0.44	0.45	0.49	0.32	0.35	0.37	0.30	0.36
	0.19	0.24	0.16	0.25	0.25	0.41	0.43	0.46	0.48	0.51	0.55	0.41	0.45	0.47	0.41	0.46
	0.14	0.23	0.15	0.25	0.25	0.44	0.47	0.50	0.52	0.56	0.61	0.48	0.53	0.56	0.50	0.55
	0.10	0.21	0.14	0.24	0.24	0.46	0.50	0.52	0.55	0.59	0.65	0.53	0.59	0.63	0.56	0.62
	0.07	0.21	0.13	0.23	0.24	0.46	0.51	0.53	0.55	0.61	0.67	0.56	0.61	0.66	0.60	0.65
	0.04	0.21	0.13	0.22	0.23	0.46	0.50	0.53	0.54	0.61	0.66	0.54	0.60	0.65	0.59	0.65
	0.01	0.21	0.13	0.22	0.23	0.44	0.49	0.51	0.51	0.58	0.63	0.50	0.56	0.61	0.56	0.61
	-0.03	0.22	0.14	0.22	0.23	0.41	0.46	0.47	0.47	0.54	0.58	0.44	0.49	0.55	0.50	0.54
	-0.06	0.24	0.15	0.24	0.24	0.39	0.43	0.43	0.42	0.48	0.51	0.36	0.40	0.46	0.42	0.46
	-0.09	0.27	0.17	0.26	0.26	0.36	0.39	0.39	0.37	0.43	0.44	0.28	0.31	0.37	0.33	0.36
	-0.12	0.30	0.20	0.28	0.28	0.33	0.36	0.34	0.32	0.36	0.37	0.20	0.22	0.27	0.23	0.26
	-0.15	0.33	0.23	0.31	0.30	0.31	0.32	0.29	0.26	0.30	0.29	0.12	0.13	0.17	0.14	0.16
	-0.19	0.36	0.26	0.33	0.32	0.28	0.27	0.23	0.20	0.23	0.21	0.04	0.04	0.07	0.04	0.05
	-0.22	0.37	0.28	0.35	0.33	0.24	0.22	0.17	0.14	0.16	0.12	-0.04	-0.05	-0.03	-0.06	-0.06
	-0.25	0.37	0.30	0.35	0.33	0.18	0.15	0.10	0.07	0.08	0.03	-0.13	-0.15	-0.14	-0.17	-0.18
	-0.28	0.36	0.30	0.34	0.32	0.12	0.08	0.02	-0.01	-0.01	-0.06	-0.22	-0.25	-0.25	-0.28	-0.29
	-0.30	0.34	0.29	0.32	0.30	0.05	0.01	-0.06	-0.09	-0.10	-0.15	-0.32	-0.35	-0.36	-0.39	-0.41
	-0.32	0.32	0.27	0.29	0.27	-0.01	-0.06	-0.13	-0.16	-0.17	-0.23	-0.41	-0.44	-0.46	-0.49	-0.50
	-0.31	0.30	0.26	0.27	0.25	-0.06	-0.12	-0.18	-0.21	-0.22	-0.28	-0.47	-0.51	-0.53	-0.55	-0.56
	-0.28	0.30	0.25	0.26	0.24	-0.09	-0.14	-0.20	-0.23	-0.24	-0.30	-0.51	-0.54	-0.57	-0.58	-0.59
	-0.22	0.32	0.27	0.27	0.25	-0.08	-0.13	-0.18	-0.20	-0.22	-0.27	-0.50	-0.53	-0.56	-0.56	-0.56
	-0.13	0.37	0.30	0.30	0.28	-0.03	-0.07	-0.12	-0.14	-0.15	-0.20	-0.43	-0.46	-0.49	-0.48	-0.48
	-0.01	0.43	0.36	0.37	0.35	0.06	0.02	-0.02	-0.03	-0.04	-0.09	-0.33	-0.35	-0.38	-0.37	-0.36
	0.14	0.52	0.43	0.45	0.43	0.17	0.14	0.11	0.10	0.10	0.06	-0.18	-0.19	-0.23	-0.21	-0.20
	0.29	0.61	0.52	0.54	0.52	0.30	0.28	0.25	0.25	0.25	0.22	-0.01	-0.02	-0.07	-0.04	-0.03
	0.43	0.69	0.60	0.63	0.61	0.43	0.41	0.40	0.40	0.40	0.38	0.15	0.14	0.10	0.12	0.14
	0.54	0.76	0.67	0.71	0.70	0.55	0.53	0.52	0.53	0.53	0.52	0.29	0.29	0.24	0.27	0.29
	0.63	0.82	0.72	0.77	0.76	0.64	0.63	0.62	0.63	0.63	0.62	0.40	0.40	0.35	0.37	0.40
	0.67	0.85	0.75	0.80	0.79	0.70	0.69	0.68	0.69	0.69	0.70	0.46	0.47	0.41	0.44	0.46
	0.68	0.86	0.77	0.81	0.80	0.73	0.72	0.71	0.72	0.72	0.73	0.48	0.48	0.43	0.46	0.49
	0.65	0.86	0.76	0.80	0.79	0.73	0.73	0.71	0.71	0.72	0.73	0.45	0.46	0.40	0.44	0.47
	0.60	0.85	0.74	0.78	0.77	0.72	0.71	0.69	0.69	0.70	0.71	0.40	0.40	0.35	0.40	0.43
	0.54	0.84	0.72	0.75	0.73	0.69	0.68	0.66	0.65	0.66	0.67	0.33	0.33	0.29	0.34	0.37
	0.48	0.83	0.70	0.72	0.70	0.66	0.65	0.62	0.61	0.62	0.63	0.26	0.25	0.22	0.28	0.30
	0.43	0.82	0.69	0.70	0.68	0.63	0.62	0.59	0.58	0.59	0.59	0.20	0.19	0.17	0.22	0.24
	0.40	0.83	0.68	0.70	0.66	0.62	0.60	0.58	0.56	0.57	0.56	0.15	0.14	0.12	0.18	0.20
	0.37	0.83	0.69	0.70	0.65	0.62	0.60	0.57	0.56	0.55	0.54	0.13	0.11	0.10	0.16	0.17
	0.36	0.84	0.70	0.71	0.66	0.63	0.61	0.58	0.56	0.55	0.54	0.12	0.10	0.10	0.15	0.15
	0.37	0.86	0.72	0.73	0.68	0.66	0.63	0.59	0.58	0.56	0.54	0.13	0.11	0.11	0.16	0.16
	0.39	0.87	0.74	0.76	0.70	0.69	0.66	0.62	0.61	0.58	0.57	0.15	0.14	0.14	0.19	0.19
	0.42	0.89	0.77	0.79	0.74	0.73	0.70	0.66	0.64	0.61	0.60	0.19	0.18	0.18	0.23	0.23
	0.46	0.91	0.80	0.83	0.77	0.78	0.75	0.70	0.69	0.65	0.64	0.24	0.23	0.24	0.28	0.29
	0.52	0.93	0.82	0.87	0.81	0.83	0.80	0.75	0.74	0.69	0.69	0.29	0.28	0.29	0.34	0.35
	0.59	0.95	0.85	0.90	0.85	0.88	0.85	0.80	0.79	0.74	0.75	0.34	0.34	0.35	0.40	0.41
	0.67	0.97	0.87	0.93	0.89	0.92	0.90	0.85	0.84	0.79	0.80	0.40	0.39	0.41	0.46	0.48
	0.75	0.99	0.88	0.96	0.92	0.95	0.94	0.89	0.88	0.83	0.85	0.44	0.44	0.45	0.50	0.53
	0.82	0.99	0.89	0.97	0.94	0.97	0.96	0.92	0.91	0.86	0.88	0.47	0.47	0.49	0.53	0.56
	0.87	0.98	0.87	0.96	0.94	0.98	0.97	0.93	0.92	0.88	0.90	0.49	0.49	0.50	0.54	0.58
	0.91	0.95	0.85	0.94	0.93	0.96	0.95	0.92	0.91	0.88	0.90	0.49	0.48	0.50	0.53	0.57
	0.91	0.91	0.81	0.90	0.90	0.92	0.92	0.90	0.89	0.86	0.88	0.46	0.45	0.47	0.50	0.54
	0.89	0.86	0.75	0.85	0.85	0.87	0.87	0.86	0.85	0.83	0.84	0.42	0.41	0.43	0.45	0.49
	0.85	0.80	0.69	0.78	0.79	0.80	0.81	0.80	0.79	0.78	0.79	0.36	0.35	0.37	0.39	0.42
	0.80	0.73	0.63	0.71	0.73	0.73	0.74	0.73	0.72	0.72	0.73	0.29	0.28	0.29	0.32	0.35
	0.74	0.67	0.57	0.64	0.67	0.64	0.66	0.65	0.65	0.65	0.66	0.22	0.21	0.22	0.24	0.27
	0.68	0.61	0.51	0.57	0.60	0.56	0.57	0.58	0.57	0.57	0.58	0.15	0.14	0.14	0.15	0.18
	0.61	0.55	0.45	0.50	0.54	0.47	0.49	0.49	0.49	0.49	0.51	0.08	0.07	0.06	0.07	0.09
	0.55	0.49	0.39	0.43	0.47	0.39	0.41	0.42	0.41	0.41	0.43	0.01	0.01	-0.02	-0.02	-0.01
	0.47	0.44	0.33	0.37	0.41	0.31	0.33	0.34	0.33	0.32	0.35	-0.05	-0.06	-0.09	-0.10	-0.10
	0.38	0.38	0.28	0.31	0.34	0.24	0.26	0.26	0.25	0.24	0.27	-0.10	-0.12	-0.16	-0.18	-0.18
	0.28	0.33	0.23	0.25	0.28	0.17	0.20	0.20	0.18	0.17	0.19	-0.15	-0.17	-0.22	-0.26	-0.27
	0.16	0.29	0.18	0.20	0.23	0.12	0.14	0.14	0.12	0.10	0.12	-0.20	-0.22	-0.27	-0.33	-0.34
	0.03	0.25	0.15	0.17	0.19	0.07	0.10	0.09	0.07	0.05	0.06	-0.24	-0.27	-0.32	-0.38	-0.40
	-0.11	0.24	0.13	0.15	0.16	0.05	0.07	0.06	0.04	0.01	0.02	-0.27	-0.30	-0.35	-0.42	-0.44
	-0.24	0.24	0.14	0.16	0.15	0.05	0.06	0.05	0.02	-0.01	-0.01	-0.29	-0.32	-0.37	-0.45	-0.46
	-0.35	0.26	0.16	0.18	0.17	0.06	0.07	0.06	0.03	-0.01	-0.02	-0.30	-0.32	-0.37	-0.45	-0.47
	-0.43	0.31	0.21	0.23	0.21	0.10	0.10	0.08	0.05	-0.00	-0.02	-0.30	-0.31	-0.36	-0.44	-0.45
	-0.46	0.37	0.27	0.30	0.26	0.14	0.14	0.12	0.08	0.02	0.00	-0.27	-0.29	-0.33	-0.41	-0.42
	-0.46	0.44	0.34	0.38	0.33	0.20	0.20	0.16	0.12	0.06	0.04	-0.24	-0.25	-0.29	-0.37	-0.37
	-0.41	0.52	0.42	0.46	0.41	0.27	0.26	0.22	0.17	0.11	0.08	-0.19	-0.19	-0.24	-0.31	-0.31
	-0.32	0.60	0.50	0.54	0.49	0.34	0.33	0.29	0.24	0.17	0.14	-0.13	-0.13	-0.18	-0.25	-0.24
	-0.21	0.67	0.57	0.61	0.57	0.41	0.40	0.36	0.30	0.24	0.22	-0.06	-0.05	-0.10	-0.18	-0.16
	-0.07	0.73	0.63	0.68	0.64	0.49	0.48	0.44	0.38	0.31	0.30	0.03	0.03	-0.02	-0.09	-0.07
	0.08	0.78	0.69	0.75	0.71	0.57	0.57	0.52	0.47	0.40	0.41	0.12	0.12	0.07	0.00	0.03
	0.24	0.83	0.74	0.80	0.78	0.65	0.66	0.61	0.57	0.50	0.52	0.22	0.22	0.17	0.10	0.14
	0.39	0.87	0.79	0.86	0.85	0.74	0.76	0.71	0.67	0.61	0.64	0.32	0.32	0.27	0.20	0.25
	0.55	0.91	0.83	0.91	0.91	0.83	0.85	0.80	0.77	0.72	0.77	0.41	0.42	0.37	0.30	0.35
	0.69	0.95	0.87	0.95	0.97	0.91	0.94	0.89	0.87	0.82	0.88	0.50	0.50	0.46	0.39	0.44
	0.83	0.99	0.91	0.99	1.02	0.98	1.00	0.96	0.94	0.90	0.97	0.56	0.56	0.52	0.45	0.50
	0.95	1.02	0.94	1.02	1.06	1.02	1.05	1.00	0.99	0.96	1.04	0.60	0.59	0.56	0.49	0.53
	1.06	1.04	0.95	1.03	1.08	1.05	1.07	1.02	1.02	0.98	1.06	0.60	0.59	0.55	0.49	0.53
	1.15	1.05	0.95	1.03	1.08	1.04	1.05	1.01	1.00	0.97	1.05	0.56	0.56	0.51	0.46	0.49
	1.21	1.05	0.94	1.01	1.06	1.01	1.01	0.97	0.96	0.93	1.00	0.50	0.48	0.43	0.39	0.42
	1.25	1.04	0.91	0.98	1.02	0.96	0.95	0.91	0.90	0.86	0.93	0.41	0.39	0.33	0.30	0.33
	1.27	1.02	0.89	0.94	0.97	0.89	0.88	0.84	0.82	0.78	0.84	0.31	0.28	0.22	0.20	0.22
	1.26	1.00	0.86	0.91	0.92	0.83	0.80	0.77	0.75	0.70	0.74	0.21	0.17	0.11	0.10	0.11
	1.24	0.98	0.84	0.87	0.88	0.78	0.74	0.70	0.68	0.62	0.66	0.12	0.07	0.01	0.01	0.01
	1.19	0.98	0.82	0.85	0.85	0.73	0.69	0.66	0.62	0.57	0.59	0.05	-0.00	-0.06	-0.06	-0.07
	1.12	0.98	0.82	0.84	0.83	0.71	0.66	0.63	0.59	0.53	0.54	0.00	-0.06	-0.11	-0.11	-0.12
	1.05	0.99	0.83	0.85	0.82	0.70	0.65	0.61	0.57	0.51	0.52	-0.02	-0.09	-0.14	-0.13	-0.16
	0.97	1.00	0.85	0.85	0.82	0.70	0.65	0.61	0.57	0.50	0.50	-0.03	-0.10	-0.15	-0.14	-0.18
	0.88	1.01	0.86	0.86	0.82	0.69	0.65	0.61	0.57	0.50	0.49	-0.03	-0.10	-0.15	-0.15	-0.19
	0.80	1.01	0.87	0.87	0.81	0.69	0.64	0.60	0.56	0.49	0.47	-0.03	-0.11	-0.16	-0.16	-0.21
	0.72	1.01	0.87	0.86	0.80	0.67	0.63	0.58	0.54	0.48	0.44	-0.05	-0.13	-0.19	-0.19	-0.24
	0.65	0.99	0.86	0.85	0.77	0.63	0.59	0.54	0.50	0.44	0.40	-0.08	-0.16	-0.23	-0.24	-0.29
	0.59	0.97	0.83	0.82	0.74	0.58	0.54	0.49	0.45	0.39	0.34	-0.13	-0.21	-0.29	-0.31	-0.36
	0.55	0.94	0.80	0.79	0.70	0.52	0.48	0.43	0.39	0.32	0.26	-0.19	-0.27	-0.37	-0.39	-0.45
	0.51	0.91	0.77	0.76	0.66	0.46	0.42	0.36	0.32	0.25	0.18	-0.26	-0.34	-0.45	-0.48	-0.54
	0.47	0.88	0.74	0.72	0.62	0.40	0.35	0.29	0.25	0.17	0.10	-0.32	-0.40	-0.52	-0.56	-0.62
	0.44	0.85	0.71	0.70	0.59	0.36	0.30	0.24	0.20	0.11	0.04	-0.37	-0.44	-0.58	-0.63	-0.68
	0.41	0.82	0.69	0.67	0.57	0.32	0.26	0.20	0.16	0.06	-0.00	-0.39	-0.46	-0.60	-0.66	-0.70
	0.38	0.79	0.67	0.66	0.56	0.31	0.23	0.18	0.14	0.04	-0.02	-0.38	-0.45	-0.58	-0.65	-0.69
	0.35	0.77	0.65	0.64	0.56	0.31	0.23	0.19	0.15	0.05	-0.00	-0.34	-0.40	-0.53	-0.59	-0.63
	0.32	0.74	0.63	0.63	0.55	0.33	0.25	0.21	0.18	0.08	0.04	-0.27	-0.32	-0.44	-0.50	-0.53
	0.28	0.71	0.61	0.61	0.55	0.36	0.28	0.25	0.23	0.13	0.11	-0.18	-0.22	-0.32	-0.38	-0.40
	0.25	0.67	0.57	0.59	0.55	0.39	0.32	0.30	0.29	0.20	0.19	-0.07	-0.11	-0.19	-0.24	-0.25
	0.22	0.62	0.54	0.57	0.54	0.43	0.37	0.36	0.35	0.28	0.28	0.04	0.01	-0.05	-0.11	-0.11
	0.20	0.57	0.50	0.53	0.53	0.46	0.42	0.42	0.42	0.36	0.37	0.14	0.12	0.07	0.02	0.03
	0.17	0.53	0.45	0.50	0.51	0.49	0.47	0.47	0.48	0.42	0.45	0.22	0.21	0.18	0.13	0.14
	0.14	0.48	0.41	0.47	0.49	0.51	0.50	0.50	0.52	0.48	0.51	0.28	0.28	0.25	0.21	0.22
	0.11	0.43	0.37	0.43	0.47	0.52	0.52	0.53	0.55	0.51	0.54	0.32	0.32	0.30	0.25	0.27
	0.06	0.38	0.32	0.39	0.44	0.51	0.53	0.53	0.56	0.52	0.56	0.33	0.33	0.31	0.27	0.28
	0.01	0.33	0.28	0.35	0.41	0.50	0.52	0.53	0.56	0.52	0.55	0.32	0.32	0.29	0.26	0.27
	-0.06	0.28	0.24	0.31	0.37	0.48	0.50	0.51	0.53	0.49	0.52	0.29	0.29	0.26	0.24	0.24
	-0.13	0.24	0.20	0.27	0.33	0.44	0.47	0.47	0.50	0.46	0.47	0.25	0.24	0.20	0.19	0.19
	-0.20	0.19	0.16	0.23	0.29	0.41	0.43	0.43	0.45	0.41	0.42	0.20	0.19	0.14	0.15	0.13
	-0.25	0.16	0.12	0.20	0.25	0.37	0.39	0.39	0.40	0.36	0.36	0.15	0.13	0.08	0.10	0.08
	-0.30	0.13	0.09	0.16	0.21	0.32	0.34	0.34	0.34	0.31	0.31	0.11	0.08	0.03	0.06	0.03
	-0.32	0.10	0.06	0.13	0.18	0.28	0.29	0.30	0.29	0.26	0.26	0.07	0.04	-0.01	0.02	-0.01
	-0.33	0.09	0.03	0.10	0.15	0.25	0.25	0.25	0.24	0.21	0.22	0.05	0.02	-0.04	0.00	-0.04
	-0.32	0.09	0.02	0.08	0.12	0.21	0.21	0.21	0.19	0.17	0.18	0.03	0.00	-0.05	-0.01	-0.05
	-0.31	0.08	0.00	0.07	0.10	0.18	0.17	0.17	0.15	0.14	0.16	0.03	0.01	-0.04	0.00	-0.04
	-0.30	0.08	-0.01	0.05	0.09	0.15	0.14	0.14	0.11	0.11	0.14	0.04	0.02	-0.03	0.02	-0.02
	-0.30	0.08	-0.02	0.04	0.07	0.13	0.11	0.11	0.09	0.09	0.13	0.06	0.04	0.00	0.06	0.02
	-0.31	0.07	-0.03	0.02	0.06	0.11	0.09	0.09	0.07	0.08	0.13	0.07	0.07	0.03	0.10	0.07
	-0.34	0.05	-0.05	0.00	0.04	0.09	0.08	0.08	0.07	0.08	0.14	0.09	0.10	0.06	0.15	0.12
	-0.37	0.03	-0.07	-0.02	0.02	0.08	0.07	0.07	0.07	0.09	0.15	0.10	0.12	0.09	0.19	0.18
	-0.40	0.00	-0.09	-0.05	0.00	0.07	0.07	0.07	0.08	0.10	0.16	0.11	0.13	0.11	0.22	0.22
	-0.44	-0.03	-0.12	-0.07	-0.02	0.07	0.08	0.08	0.09	0.11	0.18	0.11	0.13	0.12	0.25	0.25
	-0.46	-0.05	-0.14	-0.10	-0.03	0.07	0.09	0.09	0.11	0.13	0.20	0.10	0.13	0.11	0.25	0.27
	-0.48	-0.07	-0.15	-0.11	-0.04	0.08	0.10	0.11	0.12	0.14	0.21	0.08	0.11	0.10	0.24	0.27
	-0.49	-0.08	-0.16	-0.12	-0.04	0.09	0.11	0.12	0.14	0.16	0.22	0.06	0.09	0.08	0.22	0.25
	-0.49	-0.07	-0.15	-0.12	-0.04	0.11	0.12	0.14	0.16	0.18	0.24	0.05	0.07	0.07	0.19	0.23
	-0.49	-0.06	-0.14	-0.10	-0.02	0.13	0.14	0.16	0.18	0.20	0.25	0.04	0.06	0.06	0.17	0.22
	-0.47	-0.04	-0.11	-0.07	0.00	0.16	0.16	0.18	0.20	0.23	0.28	0.05	0.06	0.07	0.16	0.21
	-0.45	-0.00	-0.07	-0.03	0.04	0.19	0.18	0.21	0.24	0.27	0.31	0.08	0.09	0.10	0.17	0.22
	-0.41	0.04	-0.02	0.02	0.08	0.23	0.22	0.25	0.29	0.32	0.36	0.12	0.14	0.15	0.20	0.26
	-0.34	0.09	0.03	0.08	0.13	0.28	0.27	0.30	0.35	0.38	0.42	0.19	0.20	0.21	0.25	0.31
	-0.24	0.15	0.10	0.15	0.19	0.34	0.33	0.36	0.42	0.45	0.49	0.27	0.28	0.30	0.32	0.37
	-0.11	0.21	0.17	0.23	0.26	0.41	0.39	0.42	0.49	0.53	0.57	0.35	0.37	0.38	0.39	0.44
	0.05	0.28	0.24	0.31	0.33	0.47	0.45	0.49	0.57	0.61	0.65	0.43	0.45	0.47	0.46	0.50
	0.23	0.35	0.31	0.39	0.40	0.52	0.51	0.55	0.63	0.67	0.71	0.49	0.51	0.53	0.51	0.54
	0.42	0.42	0.38	0.46	0.46	0.57	0.56	0.60	0.68	0.71	0.76	0.53	0.56	0.57	0.53	0.55
	0.59	0.49	0.44	0.52	0.52	0.60	0.59	0.62	0.70	0.73	0.78	0.55	0.57	0.58	0.53	0.53
	0.72	0.54	0.49	0.57	0.56	0.61	0.61	0.63	0.70	0.73	0.77	0.54	0.55	0.56	0.50	0.49
	0.81	0.59	0.53	0.60	0.58	0.60	0.60	0.61	0.67	0.69	0.73	0.50	0.51	0.52	0.44	0.43
	0.85	0.62	0.55	0.62	0.59	0.57	0.57	0.58	0.63	0.65	0.68	0.45	0.45	0.45	0.37	0.35
	0.83	0.64	0.57	0.63	0.59	0.54	0.53	0.54	0.58	0.59	0.61	0.39	0.38	0.38	0.29	0.27
	0.77	0.65	0.57	0.63	0.58	0.50	0.50	0.49	0.53	0.53	0.55	0.33	0.32	0.30	0.22	0.20
	0.69	0.65	0.57	0.63	0.57	0.47	0.46	0.45	0.49	0.48	0.49	0.28	0.27	0.24	0.16	0.14
	0.60	0.65	0.57	0.62	0.57	0.44	0.43	0.42	0.46	0.44	0.46	0.25	0.23	0.20	0.12	0.11
	0.53	0.64	0.57	0.62	0.56	0.43	0.42	0.41	0.44	0.42	0.44	0.24	0.22	0.18	0.10	0.10
	0.48	0.64	0.57	0.61	0.56	0.43	0.42	0.41	0.44	0.42	0.44	0.24	0.22	0.18	0.10	0.11
	0.47	0.63	0.57	0.61	0.57	0.44	0.43	0.42	0.45	0.42	0.45	0.25	0.24	0.19	0.10	0.12
	0.48	0.63	0.57	0.60	0.57	0.45	0.45	0.43	0.46	0.44	0.47	0.27	0.26	0.21	0.12	0.15
	0.52	0.62	0.56	0.59	0.57	0.47	0.47	0.45	0.47	0.45	0.49	0.28	0.27	0.22	0.13	0.16
	0.56	0.61	0.55	0.58	0.57	0.48	0.48	0.46	0.47	0.46	0.50	0.29	0.28	0.22	0.13	0.17
	0.60	0.60	0.54	0.57	0.57	0.49	0.49	0.47	0.47	0.46	0.51	0.27	0.27	0.21	0.12	0.16
	0.64	0.59	0.52	0.55	0.56	0.50	0.49	0.47	0.46	0.45	0.50	0.24	0.24	0.19	0.09	0.14
	0.65	0.58	0.50	0.54	0.55	0.50	0.49	0.46	0.45	0.45	0.49	0.20	0.20	0.15	0.05	0.10
	0.65	0.57	0.49	0.53	0.54	0.50	0.48	0.46	0.44	0.43	0.48	0.15	0.15	0.09	0.00	0.04
	0.62	0.57	0.48	0.53	0.53	0.49	0.46	0.45	0.42	0.42	0.46	0.09	0.09	0.04	-0.05	-0.02
	0.58	0.57	0.47	0.53	0.53	0.48	0.45	0.43	0.41	0.40	0.43	0.03	0.03	-0.02	-0.11	-0.08
	0.52	0.57	0.47	0.53	0.52	0.47	0.43	0.42	0.40	0.38	0.40	-0.02	-0.03	-0.08	-0.17	-0.15
	0.45	0.56	0.46	0.52	0.51	0.46	0.40	0.40	0.38	0.36	0.37	-0.08	-0.08	-0.13	-0.22	-0.21
	0.37	0.56	0.46	0.51	0.50	0.44	0.37	0.37	0.35	0.32	0.33	-0.13	-0.13	-0.18	-0.27	-0.26
	0.27	0.54	0.45	0.50	0.48	0.42	0.34	0.34	0.32	0.28	0.28	-0.17	-0.18	-0.23	-0.31	-0.31
	0.16	0.52	0.44	0.48	0.46	0.38	0.29	0.29	0.28	0.23	0.23	-0.22	-0.21	-0.26	-0.34	-0.34
	0.05	0.50	0.43	0.45	0.43	0.35	0.25	0.25	0.24	0.19	0.18	-0.25	-0.24	-0.29	-0.36	-0.36
	-0.08	0.47	0.41	0.42	0.39	0.32	0.21	0.21	0.20	0.14	0.14	-0.27	-0.25	-0.30	-0.36	-0.36
	-0.20	0.44	0.39	0.39	0.36	0.30	0.19	0.19	0.17	0.11	0.11	-0.27	-0.25	-0.29	-0.34	-0.34
	-0.30	0.43	0.38	0.38	0.34	0.29	0.18	0.18	0.16	0.10	0.11	-0.25	-0.22	-0.25	-0.29	-0.29
	-0.39	0.42	0.37	0.37	0.33	0.30	0.19	0.19	0.17	0.11	0.13	-0.19	-0.16	-0.19	-0.22	-0.21
	-0.45	0.41	0.37	0.37	0.33	0.33	0.22	0.22	0.19	0.15	0.18	-0.12	-0.08	-0.11	-0.13	-0.11
	-0.47	0.42	0.38	0.39	0.35	0.37	0.27	0.27	0.24	0.21	0.25	-0.02	0.02	-0.00	-0.02	-0.00
	-0.47	0.43	0.40	0.41	0.37	0.41	0.33	0.33	0.30	0.27	0.32	0.09	0.13	0.10	0.10	0.12
	-0.44	0.44	0.41	0.43	0.40	0.46	0.39	0.39	0.37	0.34	0.40	0.20	0.23	0.21	0.21	0.23
	-0.40	0.45	0.42	0.45	0.43	0.51	0.45	0.45	0.42	0.41	0.47	0.29	0.31	0.30	0.30	0.31
	-0.35	0.46	0.43	0.46	0.45	0.54	0.49	0.49	0.46	0.45	0.52	0.36	0.37	0.36	0.36	0.37
	-0.30	0.46	0.43	0.47	0.46	0.56	0.52	0.51	0.48	0.47	0.54	0.40	0.40	0.38	0.38	0.40
	-0.27	0.46	0.42	0.47	0.46	0.56	0.52	0.51	0.48	0.47	0.54	0.40	0.39	0.38	0.37	0.39
	-0.24	0.46	0.42	0.46	0.46	0.55	0.51	0.49	0.46	0.45	0.52	0.38	0.36	0.35	0.34	0.36
	-0.22	0.46	0.42	0.46	0.45	0.53	0.50	0.47	0.44	0.43	0.49	0.34	0.32	0.31	0.29	0.31
	-0.21	0.47	0.42	0.46	0.45	0.51	0.48	0.45	0.41	0.40	0.46	0.29	0.28	0.27	0.23	0.25
	-0.19	0.49	0.43	0.46	0.45	0.49	0.46	0.43	0.40	0.38	0.44	0.26	0.24	0.24	0.18	0.21
	-0.18	0.50	0.44	0.48	0.46	0.48	0.46	0.42	0.39	0.38	0.43	0.24	0.23	0.22	0.15	0.17
	-0.16	0.52	0.46	0.49	0.47	0.48	0.46	0.43	0.40	0.39	0.44	0.23	0.23	0.21	0.13	0.15
	-0.13	0.53	0.47	0.50	0.49	0.48	0.47	0.44	0.42	0.41	0.46	0.24	0.23	0.22	0.12	0.14
	-0.10	0.54	0.48	0.51	0.51	0.49	0.48	0.46	0.44	0.43	0.48	0.25	0.25	0.23	0.12	0.13
	-0.07	0.54	0.49	0.52	0.52	0.49	0.48	0.48	0.46	0.44	0.49	0.25	0.25	0.22	0.10	0.12
	-0.04	0.53	0.48	0.52	0.52	0.48	0.48	0.48	0.47	0.45	0.49	0.24	0.23	0.20	0.07	0.08
	-0.02	0.52	0.46	0.51	0.52	0.47	0.47	0.47	0.46	0.43	0.47	0.21	0.19	0.16	0.02	0.03
	-0.01	0.50	0.44	0.49	0.50	0.45	0.45	0.45	0.44	0.40	0.43	0.16	0.13	0.09	-0.05	-0.05
	-0.01	0.49	0.42	0.47	0.48	0.42	0.41	0.42	0.40	0.36	0.38	0.09	0.06	0.02	-0.13	-0.13
	-0.01	0.47	0.39	0.45	0.46	0.39	0.38	0.38	0.36	0.31	0.32	0.03	-0.02	-0.06	-0.21	-0.22
	-0.01	0.46	0.37	0.43	0.43	0.37	0.34	0.35	0.32	0.26	0.26	-0.03	-0.08	-0.12	-0.27	-0.29
	-0.01	0.45	0.35	0.41	0.40	0.34	0.32	0.31	0.28	0.22	0.21	-0.07	-0.12	-0.16	-0.32	-0.33
	-0.01	0.44	0.33	0.39	0.38	0.33	0.29	0.29	0.25	0.19	0.19	-0.08	-0.13	-0.17	-0.34	-0.35
	-0.01	0.42	0.32	0.37	0.35	0.31	0.28	0.27	0.23	0.18	0.18	-0.07	-0.13	-0.16	-0.33	-0.35
	0.00	0.40	0.30	0.34	0.33	0.31	0.27	0.26	0.22	0.17	0.18	-0.05	-0.10	-0.14	-0.31	-0.33
	0.01	0.37	0.27	0.31	0.30	0.29	0.26	0.25	0.21	0.18	0.20	-0.03	-0.07	-0.11	-0.29	-0.30
	0.01	0.33	0.24	0.28	0.27	0.28	0.24	0.23	0.20	0.18	0.20	-0.01	-0.05	-0.10	-0.28	-0.29
	0.01	0.29	0.20	0.23	0.23	0.25	0.22	0.21	0.18	0.17	0.20	-0.01	-0.06	-0.11	-0.29	-0.31
	0.01	0.24	0.16	0.18	0.18	0.21	0.18	0.18	0.15	0.15	0.18	-0.04	-0.09	-0.14	-0.34	-0.35
	-0.00	0.19	0.11	0.13	0.13	0.16	0.14	0.13	0.10	0.11	0.14	-0.09	-0.15	-0.21	-0.41	-0.43
	-0.02	0.14	0.07	0.08	0.08	0.10	0.08	0.07	0.05	0.05	0.08	-0.17	-0.23	-0.30	-0.51	-0.52
	-0.04	0.10	0.03	0.03	0.03	0.04	0.02	0.01	-0.01	-0.01	-0.00	-0.26	-0.32	-0.40	-0.61	-0.63
	-0.06	0.06	-0.01	-0.02	-0.02	-0.03	-0.04	-0.06	-0.08	-0.08	-0.08	-0.35	-0.42	-0.50	-0.72	-0.73
	-0.09	0.03	-0.05	-0.07	-0.06	-0.09	-0.10	-0.11	-0.14	-0.15	-0.16	-0.43	-0.51	-0.58	-0.80	-0.81
	-0.11	-0.00	-0.08	-0.10	-0.10	-0.14	-0.14	-0.16	-0.18	-0.20	-0.22	-0.50	-0.57	-0.64	-0.86	-0.86
	-0.14	-0.02	-0.10	-0.13	-0.12	-0.17	-0.18	-0.19	-0.21	-0.23	-0.26	-0.53	-0.60	-0.67	-0.88	-0.87
	-0.16	-0.04	-0.12	-0.14	-0.13	-0.19	-0.19	-0.21	-0.23	-0.25	-0.28	-0.55	-0.61	-0.66	-0.87	-0.86
	-0.19	-0.05	-0.13	-0.15	-0.13	-0.19	-0.19	-0.20	-0.22	-0.24	-0.27	-0.53	-0.59	-0.63	-0.82	-0.80
	-0.22	-0.06	-0.13	-0.14	-0.12	-0.18	-0.17	-0.17	-0.19	-0.20	-0.23	-0.49	-0.54	-0.56	-0.75	-0.72
	-0.24	-0.06	-0.13	-0.13	-0.10	-0.14	-0.13	-0.13	-0.14	-0.15	-0.17	-0.42	-0.47	-0.48	-0.65	-0.62
	-0.26	-0.06	-0.13	-0.11	-0.07	-0.09	-0.08	-0.07	-0.07	-0.08	-0.09	-0.33	-0.37	-0.37	-0.54	-0.50
	-0.27	-0.05	-0.11	-0.08	-0.03	-0.03	-0.01	0.00	0.01	0.01	0.01	-0.23	-0.26	-0.25	-0.41	-0.38
	-0.26	-0.03	-0.09	-0.05	0.01	0.04	0.06	0.08	0.10	0.11	0.11	-0.12	-0.15	-0.13	-0.29	-0.24
	-0.24	-0.01	-0.07	-0.02	0.05	0.12	0.14	0.17	0.20	0.20	0.22	-0.00	-0.03	-0.00	-0.16	-0.12
	-0.19	0.01	-0.04	0.02	0.09	0.20	0.23	0.26	0.29	0.30	0.32	0.11	0.09	0.12	-0.04	-0.00
	-0.13	0.04	-0.01	0.05	0.13	0.27	0.30	0.34	0.37	0.38	0.41	0.20	0.19	0.21	0.05	0.09
	-0.06	0.07	0.03	0.09	0.17	0.34	0.37	0.41	0.44	0.45	0.48	0.27	0.26	0.28	0.12	0.15
	0.03	0.11	0.07	0.13	0.21	0.39	0.43	0.46	0.49	0.49	0.53	0.31	0.30	0.32	0.14	0.18
	0.13	0.15	0.11	0.17	0.25	0.44	0.47	0.50	0.52	0.51	0.55	0.32	0.31	0.31	0.14	0.16
	0.22	0.19	0.15	0.22	0.28	0.47	0.49	0.52	0.53	0.51	0.54	0.30	0.29	0.27	0.09	0.11
	0.30	0.25	0.20	0.26	0.32	0.49	0.50	0.52	0.51	0.49	0.52	0.25	0.24	0.21	0.03	0.04
	0.35	0.30	0.25	0.31	0.35	0.50	0.50	0.51	0.49	0.46	0.48	0.19	0.18	0.14	-0.04	-0.04
	0.38	0.36	0.30	0.36	0.39	0.50	0.49	0.49	0.47	0.43	0.44	0.14	0.13	0.08	-0.11	-0.11
	0.39	0.42	0.35	0.41	0.42	0.51	0.48	0.48	0.44	0.41	0.41	0.11	0.09	0.05	-0.15	-0.16
	0.36	0.47	0.39	0.46	0.45	0.51	0.48	0.47	0.43	0.40	0.39	0.10	0.09	0.04	-0.15	-0.16
	0.33	0.52	0.42	0.49	0.47	0.52	0.48	0.47	0.43	0.40	0.40	0.12	0.11	0.06	-0.12	-0.13
	0.28	0.55	0.44	0.52	0.49	0.53	0.49	0.47	0.43	0.42	0.41	0.17	0.16	0.11	-0.07	-0.07
	0.23	0.57	0.46	0.53	0.50	0.53	0.49	0.48	0.45	0.44	0.44	0.22	0.22	0.17	-0.00	0.01
	0.19	0.58	0.45	0.53	0.50	0.53	0.49	0.48	0.45	0.45	0.46	0.27	0.28	0.22	0.05	0.07
	0.15	0.57	0.44	0.52	0.49	0.52	0.48	0.47	0.44	0.45	0.46	0.30	0.30	0.25	0.08	0.10
	0.12	0.55	0.42	0.49	0.46	0.49	0.45	0.43	0.41	0.42	0.43	0.28	0.29	0.22	0.05	0.07
	0.09	0.51	0.38	0.45	0.42	0.43	0.40	0.37	0.36	0.36	0.37	0.22	0.22	0.15	-0.03	-0.01
	0.06	0.46	0.34	0.39	0.37	0.36	0.33	0.29	0.27	0.27	0.26	0.11	0.11	0.02	-0.17	-0.15
	0.01	0.41	0.28	0.33	0.31	0.27	0.23	0.18	0.16	0.15	0.13	-0.03	-0.05	-0.15	-0.35	-0.34
	-0.06	0.34	0.22	0.26	0.24	0.16	0.13	0.06	0.03	0.01	-0.02	-0.21	-0.23	-0.34	-0.56	-0.55
	-0.14	0.28	0.16	0.18	0.17	0.06	0.01	-0.07	-0.10	-0.13	-0.18	-0.39	-0.43	-0.54	-0.78	-0.77
	-0.24	0.21	0.10	0.11	0.10	-0.04	-0.10	-0.18	-0.22	-0.27	-0.32	-0.56	-0.61	-0.73	-0.98	-0.97
	-0.35	0.15	0.05	0.05	0.04	-0.13	-0.19	-0.28	-0.32	-0.38	-0.44	-0.70	-0.76	-0.88	-1.14	-1.13
	-0.44	0.11	0.01	0.01	-0.00	-0.20	-0.26	-0.35	-0.40	-0.46	-0.53	-0.81	-0.88	-1.00	-1.26	-1.26
	-0.52	0.08	-0.02	-0.01	-0.02	-0.24	-0.31	-0.39	-0.44	-0.51	-0.58	-0.87	-0.95	-1.07	-1.34	-1.33
	-0.56	0.08	-0.02	-0.02	-0.02	-0.25	-0.32	-0.40	-0.46	-0.53	-0.60	-0.91	-0.99	-1.10	-1.38	-1.37
	-0.56	0.09	-0.01	-0.00	-0.00	-0.25	-0.32	-0.39	-0.45	-0.53	-0.59	-0.91	-1.00	-1.11	-1.38	-1.38
	-0.52	0.12	0.02	0.03	0.03	-0.22	-0.30	-0.36	-0.42	-0.50	-0.57	-0.89	-0.98	-1.09	-1.36	-1.36
	-0.46	0.15	0.06	0.07	0.08	-0.19	-0.27	-0.33	-0.39	-0.47	-0.54	-0.85	-0.94	-1.05	-1.33	-1.33
	-0.38	0.19	0.10	0.12	0.12	-0.16	-0.23	-0.29	-0.35	-0.44	-0.50	-0.81	-0.90	-1.01	-1.28	-1.28
	-0.30	0.23	0.14	0.15	0.16	-0.13	-0.20	-0.25	-0.31	-0.40	-0.47	-0.75	-0.84	-0.95	-1.22	-1.22
	-0.25	0.25	0.16	0.18	0.18	-0.10	-0.17	-0.22	-0.27	-0.37	-0.43	-0.69	-0.77	-0.87	-1.15	-1.15
	-0.22	0.26	0.18	0.19	0.19	-0.08	-0.14	-0.19	-0.24	-0.33	-0.39	-0.62	-0.69	-0.78	-1.05	-1.05
	-0.22	0.25	0.18	0.19	0.20	-0.05	-0.11	-0.15	-0.19	-0.28	-0.33	-0.53	-0.59	-0.67	-0.94	-0.93
	-0.25	0.24	0.18	0.18	0.19	-0.02	-0.07	-0.10	-0.13	-0.21	-0.26	-0.42	-0.47	-0.53	-0.79	-0.78
	-0.29	0.23	0.17	0.18	0.19	0.02	-0.01	-0.03	-0.06	-0.12	-0.16	-0.29	-0.32	-0.37	-0.62	-0.61
	-0.33	0.23	0.18	0.18	0.20	0.07	0.06	0.05	0.03	-0.02	-0.04	-0.15	-0.16	-0.19	-0.44	-0.41
	-0.35	0.25	0.19	0.20	0.22	0.15	0.15	0.15	0.14	0.11	0.10	0.01	0.01	-0.01	-0.25	-0.22
	-0.33	0.28	0.22	0.23	0.26	0.23	0.24	0.25	0.26	0.24	0.24	0.17	0.18	0.17	-0.06	-0.03
	-0.28	0.33	0.26	0.28	0.31	0.32	0.35	0.36	0.38	0.36	0.37	0.31	0.34	0.33	0.10	0.14
	-0.19	0.40	0.32	0.35	0.38	0.41	0.44	0.46	0.48	0.47	0.48	0.44	0.47	0.46	0.24	0.27
	-0.08	0.47	0.38	0.42	0.45	0.49	0.52	0.53	0.56	0.55	0.56	0.53	0.56	0.56	0.32	0.36
	0.04	0.53	0.44	0.48	0.51	0.55	0.58	0.58	0.61	0.60	0.60	0.58	0.61	0.60	0.36	0.39
	0.16	0.59	0.49	0.54	0.56	0.58	0.60	0.60	0.63	0.61	0.60	0.58	0.61	0.59	0.34	0.37
	0.26	0.63	0.52	0.57	0.59	0.58	0.60	0.59	0.61	0.58	0.56	0.54	0.56	0.53	0.28	0.30
	0.33	0.66	0.54	0.59	0.61	0.56	0.57	0.54	0.56	0.52	0.49	0.46	0.47	0.44	0.17	0.19
	0.36	0.66	0.54	0.59	0.61	0.53	0.52	0.48	0.50	0.44	0.40	0.36	0.36	0.31	0.03	0.05
	0.35	0.66	0.54	0.58	0.60	0.48	0.46	0.42	0.42	0.36	0.30	0.24	0.23	0.17	-0.12	-0.10
	0.32	0.65	0.53	0.57	0.58	0.44	0.41	0.35	0.35	0.28	0.22	0.13	0.10	0.04	-0.26	-0.25
	0.27	0.64	0.51	0.55	0.56	0.40	0.36	0.30	0.29	0.21	0.15	0.03	-0.01	-0.08	-0.39	-0.38
	0.20	0.63	0.51	0.54	0.55	0.38	0.33	0.26	0.25	0.17	0.11	-0.04	-0.09	-0.18	-0.49	-0.48
	0.12	0.63	0.51	0.54	0.53	0.37	0.32	0.24	0.22	0.15	0.09	-0.09	-0.14	-0.24	-0.55	-0.54
	0.05	0.64	0.52	0.54	0.53	0.38	0.31	0.23	0.21	0.14	0.09	-0.11	-0.16	-0.26	-0.57	-0.56
	-0.02	0.65	0.52	0.54	0.53	0.38	0.31	0.24	0.21	0.14	0.10	-0.10	-0.16	-0.27	-0.57	-0.56
	-0.09	0.66	0.53	0.55	0.52	0.39	0.32	0.24	0.21	0.15	0.11	-0.09	-0.14	-0.25	-0.54	-0.53
	-0.15	0.66	0.54	0.55	0.51	0.38	0.31	0.24	0.20	0.14	0.12	-0.07	-0.12	-0.23	-0.50	-0.48
	-0.21	0.66	0.53	0.54	0.50	0.37	0.30	0.23	0.18	0.13	0.11	-0.06	-0.11	-0.21	-0.45	-0.44
	-0.25	0.65	0.52	0.53	0.48	0.34	0.27	0.21	0.16	0.11	0.09	-0.05	-0.10	-0.20	-0.41	-0.40
	-0.28	0.63	0.51	0.52	0.46	0.31	0.25	0.18	0.13	0.08	0.07	-0.05	-0.09	-0.18	-0.37	-0.35
	-0.28	0.61	0.49	0.50	0.44	0.27	0.22	0.16	0.10	0.05	0.05	-0.04	-0.08	-0.17	-0.32	-0.31
	-0.27	0.59	0.48	0.48	0.42	0.25	0.20	0.15	0.09	0.05	0.05	-0.02	-0.06	-0.14	-0.26	-0.25
	-0.24	0.59	0.47	0.48	0.41	0.25	0.21	0.16	0.10	0.06	0.06	0.02	-0.01	-0.08	-0.18	-0.17
	-0.18	0.59	0.48	0.49	0.42	0.27	0.24	0.19	0.14	0.11	0.12	0.10	0.07	0.01	-0.07	-0.06
	-0.10	0.61	0.50	0.51	0.45	0.32	0.30	0.26	0.21	0.20	0.21	0.21	0.19	0.14	0.08	0.08
	-0.00	0.65	0.54	0.56	0.49	0.40	0.38	0.36	0.31	0.31	0.33	0.36	0.34	0.31	0.26	0.26
	0.11	0.70	0.59	0.61	0.55	0.51	0.49	0.47	0.44	0.45	0.48	0.54	0.53	0.50	0.46	0.45
	0.22	0.75	0.64	0.68	0.62	0.62	0.61	0.61	0.59	0.61	0.65	0.73	0.72	0.70	0.67	0.66
	0.34	0.82	0.71	0.76	0.69	0.74	0.73	0.74	0.73	0.77	0.82	0.91	0.91	0.90	0.87	0.86
	0.45	0.88	0.78	0.83	0.77	0.86	0.85	0.87	0.87	0.91	0.97	1.08	1.08	1.08	1.04	1.03
	0.56	0.94	0.84	0.90	0.85	0.96	0.96	0.98	0.99	1.04	1.11	1.21	1.22	1.22	1.18	1.17
	0.66	1.00	0.90	0.97	0.93	1.05	1.05	1.08	1.09	1.14	1.22	1.32	1.32	1.32	1.27	1.27
	0.76	1.05	0.95	1.03	0.99	1.13	1.12	1.15	1.17	1.22	1.30	1.38	1.39	1.39	1.33	1.33
	0.84	1.09	1.00	1.08	1.05	1.19	1.19	1.21	1.22	1.28	1.37	1.43	1.43	1.44	1.36	1.36
	0.92	1.13	1.04	1.12	1.11	1.25	1.24	1.26	1.27	1.33	1.42	1.45	1.46	1.46	1.37	1.38
	0.99	1.16	1.08	1.16	1.16	1.30	1.30	1.32	1.32	1.38	1.46	1.47	1.48	1.49	1.38	1.40
	1.06	1.20	1.12	1.21	1.21	1.37	1.36	1.37	1.37	1.43	1.51	1.50	1.51	1.52	1.41	1.43
	1.12	1.24	1.16	1.25	1.26	1.44	1.43	1.44	1.44	1.50	1.57	1.54	1.56	1.58	1.45	1.48
	1.18	1.28	1.20	1.30	1.32	1.51	1.50	1.52	1.51	1.57	1.64	1.60	1.62	1.64	1.51	1.55
	1.23	1.33	1.25	1.36	1.38	1.60	1.59	1.60	1.59	1.64	1.72	1.66	1.68	1.72	1.58	1.63
	1.28	1.38	1.30	1.42	1.44	1.68	1.67	1.69	1.67	1.72	1.79	1.73	1.75	1.80	1.66	1.71
	1.32	1.43	1.35	1.47	1.50	1.75	1.74	1.77	1.74	1.79	1.86	1.79	1.82	1.86	1.72	1.77
	1.36	1.48	1.39	1.52	1.55	1.81	1.80	1.83	1.79	1.83	1.90	1.83	1.86	1.90	1.76	1.81
	1.38	1.52	1.43	1.57	1.60	1.84	1.84	1.86	1.82	1.86	1.92	1.85	1.88	1.92	1.77	1.82
	1.39	1.56	1.46	1.60	1.62	1.85	1.85	1.87	1.83	1.85	1.92	1.84	1.87	1.90	1.75	1.80
	1.40	1.59	1.49	1.62	1.64	1.84	1.84	1.86	1.81	1.83	1.89	1.81	1.83	1.86	1.71	1.74
	1.40	1.60	1.50	1.63	1.64	1.81	1.81	1.83	1.78	1.79	1.85	1.77	1.78	1.80	1.65	1.67
	1.40	1.62	1.51	1.64	1.63	1.77	1.77	1.78	1.74	1.73	1.79	1.71	1.73	1.74	1.58	1.60
	1.41	1.62	1.51	1.64	1.62	1.73	1.73	1.73	1.69	1.68	1.74	1.66	1.67	1.68	1.53	1.54
	1.42	1.63	1.52	1.64	1.61	1.68	1.69	1.69	1.65	1.64	1.70	1.62	1.64	1.64	1.49	1.50
	1.46	1.64	1.53	1.64	1.61	1.65	1.67	1.66	1.63	1.62	1.68	1.60	1.62	1.62	1.49	1.48
	1.51	1.66	1.54	1.65	1.61	1.64	1.66	1.65	1.62	1.61	1.67	1.60	1.62	1.63	1.50	1.49
	1.58	1.68	1.55	1.66	1.62	1.63	1.66	1.65	1.62	1.62	1.68	1.62	1.64	1.66	1.54	1.52
	1.66	1.70	1.57	1.68	1.64	1.64	1.67	1.66	1.64	1.63	1.70	1.64	1.66	1.69	1.58	1.55
	1.74	1.73	1.59	1.69	1.66	1.65	1.68	1.67	1.65	1.65	1.71	1.67	1.69	1.72	1.61	1.59
	1.81	1.75	1.60	1.70	1.67	1.65	1.68	1.68	1.66	1.66	1.71	1.69	1.70	1.74	1.63	1.60
	1.86	1.76	1.60	1.70	1.68	1.64	1.67	1.67	1.65	1.65	1.70	1.69	1.70	1.73	1.63	1.60
	1.89	1.77	1.60	1.70	1.67	1.63	1.66	1.65	1.63	1.63	1.67	1.67	1.67	1.70	1.56	1.53
