0.0	1.538585	-0.100000	-2.166663
1.0	1.431282	-0.237246	-0.013571
2.0	1.321567	-0.593832	0.252257
3.0	1.224113	-0.954778	0.389910
4.0	1.160494	-1.261400	0.441778
5.0	1.125607	-1.478246	0.574727
6.0	1.120561	-1.594713	0.618263
7.0	1.143641	-1.604229	0.546832
8.0	1.189358	-1.510447	0.407805
9.0	1.249882	-1.328998	0.245719
10.0	1.316613	-1.084114	0.094773
11.0	1.381523	-0.804581	-0.025314
12.0	1.438000	-0.519822	-0.109482
13.0	1.481104	-0.256676	-0.163992
14.0	1.507355	-0.037146	-0.200883
15.0	1.514281	0.122890	-0.231989
16.0	1.500039	0.214263	-0.264230
17.0	1.463363	0.234673	-0.297343
18.0	1.403929	0.188697	-0.324440
19.0	1.323103	0.087684	-0.334874
20.0	1.224805	-0.050563	-0.318294
21.0	1.116171	-0.202596	-0.268468
22.0	1.007643	-0.340906	-0.185693
23.0	0.912271	-0.436441	-0.077087
24.0	0.844172	-0.462001	0.045167
25.0	0.816354	-0.396110	0.166945
26.0	0.838296	-0.226757	0.275601
27.0	0.913824	0.045765	0.362567
28.0	1.039805	0.407651	0.424389
29.0	1.206031	0.832448	0.462015
30.0	1.396456	1.284107	0.478748
31.0	1.591602	1.721808	0.477728
32.0	1.771729	2.105798	0.459950
33.0	1.920136	2.403193	0.423555
34.0	2.025937	2.592677	0.364736
35.0	2.085752	2.667217	0.279911
36.0	2.103969	2.634325	0.168412
37.0	2.091542	2.513875	0.034657
38.0	2.063582	2.333964	-0.111094
39.0	2.036233	2.125684	-0.253877
40.0	2.023468	1.917826	-0.376903
41.0	2.034396	1.732485	-0.465460
42.0	2.071582	1.582309	-0.510720
43.0	2.130620	1.469732	-0.512272
44.0	2.200993	1.388132	-0.478541
45.0	2.267987	1.324518	-0.424820
46.0	2.315291	1.263066	-0.369364
47.0	2.327796	1.188785	-0.328550
48.0	2.294148	1.090629	-0.312451
49.0	2.208650	0.963574	-0.322040
50.0	2.072277	0.809399	-0.348870
51.0	1.892675	0.636181	-0.377332
52.0	1.683202	0.456714	-0.388920
53.0	1.461168	0.286209	-0.367366
54.0	1.245538	0.139709	-0.303266
55.0	1.054432	0.029628	-0.196969
56.0	0.902767	-0.036204	-0.058990
57.0	0.800361	-0.055738	0.092144
58.0	0.750770	-0.033001	0.234014
59.0	0.751034	0.022549	0.345337
60.0	0.792354	0.097468	0.410639
61.0	0.861631	0.176403	0.423486
62.0	0.943623	0.244469	0.387617
63.0	1.023413	0.289632	0.315868
64.0	1.088786	0.304726	0.227334
65.0	1.132179	0.288837	0.143544
66.0	1.151858	0.247817	0.084580
67.0	1.152170	0.193824	0.065896
68.0	1.142792	0.143896	0.096325
69.0	1.137101	0.117695	0.177383
70.0	1.149890	0.134664	0.303683
71.0	1.194771	0.210932	0.464101
72.0	1.281644	0.356379	0.643348
73.0	1.414619	0.572274	0.823677
74.0	1.590732	0.849903	0.986646
75.0	1.799688	1.170524	1.114944
76.0	2.024750	1.506836	1.194291
77.0	2.244729	1.825969	1.215341
78.0	2.436856	2.093750	1.175350
79.0	2.580174	2.279742	1.079238
80.0	2.658942	2.362323	0.939620
81.0	2.665480	2.332953	0.775516
82.0	2.601941	2.198762	0.609712
83.0	2.480571	1.982797	0.465103
84.0	2.322283	1.721593	0.360682
85.0	2.153655	1.460225	0.308065
86.0	2.002765	1.245507	0.309400
87.0	1.894549	1.118409	0.357255
88.0	1.846517	1.107081	0.436599
89.0	1.865665	1.221785	0.528473
90.0	1.947216	1.452825	0.614454
91.0	2.075499	1.771946	0.680805
92.0	2.226854	2.137052	0.721231
93.0	2.374021	2.499386	0.737566
94.0	2.491150	2.811806	0.738247
95.0	2.558438	3.036567	0.735078
96.0	2.565464	3.151120	0.739242
97.0	2.512598	3.150892	0.757747
98.0	2.410251	3.048665	0.791320
99.0	2.276254	2.870876	0.834342
100.0	2.131993	2.651830	0.876781
101.0	1.998213	2.427138	0.907484
102.0	1.891396	2.227786	0.917771
103.0	1.821431	2.075943	0.904206
104.0	1.790926	1.983111	0.869683
105.0	1.796135	1.950611	0.822486
106.0	1.829028	1.971871	0.773645
107.0	1.879878	2.035604	0.733423
108.0	1.939619	2.128924	0.708065
109.0	2.001401	2.239599	0.697845
110.0	2.061059	2.357071	0.697036
111.0	2.116524	2.472275	0.695835
112.0	2.166524	2.576711	0.683626
113.0	2.209100	2.661418	0.652558
114.0	2.240497	2.716495	0.600300
115.0	2.254849	2.731578	0.531072
116.0	2.244832	2.697330	0.454618
117.0	2.203173	2.607620	0.383419
118.0	2.124650	2.461777	0.328982
119.0	2.008070	2.266206	0.298369
120.0	1.857674	2.034736	0.292023
121.0	1.683582	1.787404	0.303551
122.0	1.501056	1.547723	0.321523
123.0	1.328665	1.338923	0.332711
124.0	1.185661	1.179923	0.325773
125.0	1.089030	1.081903	0.294284
126.0	1.050774	1.046243	0.238232
127.0	1.075920	1.064308	0.163654
128.0	1.161588	1.119165	0.080633
129.0	1.297304	1.188871	0.000419
130.0	1.466455	1.250672	-0.067365
131.0	1.648654	1.285230	-0.116561
132.0	1.822599	1.280035	-0.144891
133.0	1.968968	1.231335	-0.153033
134.0	2.072891	1.144258	-0.142907
135.0	2.125642	1.031178	-0.116028
136.0	2.125317	0.908758	-0.072672
137.0	2.076459	0.794334	-0.012293
138.0	1.988753	0.702435	0.064949
139.0	1.875070	0.642157	0.156177
140.0	1.749232	0.615893	0.254242
141.0	1.623926	0.619615	0.347501
142.0	1.509105	0.644549	0.421401
143.0	1.411135	0.679791	0.461724
144.0	1.332766	0.715228	0.458651
145.0	1.273831	0.744042	0.410409
146.0	1.232422	0.764240	0.325173
147.0	1.206195	0.778835	0.220317
148.0	1.193465	0.794653	0.118870
149.0	1.193787	0.820046	0.043905
150.0	1.207903	0.862070	0.012329
151.0	1.237076	0.923797	0.029898
152.0	1.282031	1.002435	0.089014
153.0	1.341812	1.088768	0.170205
154.0	1.412914	1.168097	0.247069
155.0	1.488986	1.222592	0.293443
156.0	1.561265	1.234566	0.290819
157.0	1.619725	1.190031	0.233836
158.0	1.654733	1.081761	0.132163
159.0	1.658871	0.911212	0.008103
160.0	1.628533	0.688842	-0.109529
161.0	1.564929	0.432754	-0.193557
162.0	1.474233	0.165889	-0.226300
163.0	1.366825	-0.087667	-0.204814
164.0	1.255732	-0.306536	-0.141944
165.0	1.154556	-0.475298	-0.062797
166.0	1.075297	-0.586507	0.002417
167.0	1.026462	-0.641122	0.027147
168.0	1.011842	-0.647318	-0.003661
169.0	1.030142	-0.617993	-0.088895
170.0	1.075539	-0.567555	-0.211183
171.0	1.138990	-0.508694	-0.341395
172.0	1.210040	-0.449862	-0.446527
173.0	1.278715	-0.393982	-0.498740
174.0	1.337155	-0.338660	-0.483069
175.0	1.380646	-0.277801	-0.401691
176.0	1.407899	-0.204229	-0.273660
177.0	1.420571	-0.112653	-0.130261
178.0	1.422189	-0.002227	-0.007336
179.0	1.416800	0.121988	0.063328
180.0	1.407700	0.249117	0.061317
181.0	1.396565	0.364226	-0.018160
182.0	1.383224	0.451446	-0.163905
183.0	1.366112	0.497817	-0.352029
184.0	1.343257	0.496961	-0.551761
185.0	1.313511	0.451658	-0.732126
186.0	1.277624	0.374572	-0.867839
187.0	1.238823	0.286755	-0.943204
188.0	1.202626	0.214048	-0.953512
189.0	1.175899	0.182027	-0.904140
190.0	1.165326	0.210509	-0.808069
191.0	1.175703	0.308873	-0.682737
192.0	1.208527	0.473301	-0.547022
193.0	1.261330	0.686705	-0.418833
194.0	1.328023	0.921514	-0.313381
195.0	1.400241	1.144841	-0.241975
196.0	1.469410	1.324966	-0.211108
197.0	1.528998	1.437732	-0.221725
198.0	1.576350	1.471428	-0.268795
199.0	1.613539	1.429051	-0.341514
200.0	1.646950	1.327442	-0.424470
201.0	1.685613	1.193516	-0.499937
202.0	1.738683	1.058501	-0.551121
203.0	1.812721	0.951538	-0.565749
204.0	1.909513	0.894126	-0.539125
205.0	2.025051	0.896621	-0.475730
206.0	2.150009	0.957458	-0.388713
207.0	2.271615	1.065018	-0.297148
208.0	2.376444	1.201419	-0.221578
209.0	2.453371	1.347042	-0.178929
210.0	2.495858	1.484506	-0.178150
211.0	2.502945	1.601083	-0.217796
212.0	2.478650	1.689059	-0.286305
213.0	2.429992	1.744263	-0.364959
214.0	2.364221	1.763532	-0.432729
215.0	2.286124	1.742253	-0.471687
216.0	2.196258	1.673061	-0.471463
217.0	2.090712	1.546424	-0.431528
218.0	1.962551	1.353172	-0.360707
219.0	1.804582	1.088398	-0.274170
220.0	1.612666	0.755553	-0.188853
221.0	1.388584	0.369406	-0.118713
222.0	1.141556	-0.043313	-0.071220
223.0	0.887840	-0.446194	-0.046043
224.0	0.648389	-0.798198	-0.036228
225.0	0.445056	-1.060522	-0.031359
226.0	0.296304	-1.203789	-0.021650
227.0	0.213500	-1.213862	-0.001644
228.0	0.198750	-1.094875	0.027579
229.0	0.244828	-0.868712	0.058337
230.0	0.337161	-0.571022	0.078356
231.0	0.457311	-0.244717	0.074197
232.0	0.586990	0.067553	0.035080
233.0	0.711543	0.330228	-0.044011
234.0	0.822040	0.519542	-0.160706
235.0	0.915565	0.625315	-0.305456
236.0	0.993820	0.649829	-0.463351
237.0	1.060691	0.604553	-0.616953
238.0	1.119663	0.505970	-0.749363
239.0	1.172002	0.371820	-0.846844
240.0	1.216303	0.218761	-0.900551
241.0	1.249531	0.061851	-0.907255
242.0	1.269143	-0.084484	-0.869202
243.0	1.275487	-0.204875	-0.793377
244.0	1.273528	-0.281958	-0.690402
245.0	1.273126	-0.296813	-0.573207
246.0	1.287508	-0.231331	-0.455477
247.0	1.330181	-0.072231	-0.349873
248.0	1.411027	0.184290	-0.266085
249.0	1.532719	0.528680	-0.208981
250.0	1.688563	0.936404	-0.177286
251.0	1.862594	1.369558	-0.163287
252.0	2.032131	1.781921	-0.153980
253.0	2.172373	2.126688	-0.133715
254.0	2.261944	2.365273	-0.087999
255.0	2.288032	2.475123	-0.007616
256.0	2.249752	2.454546	0.107999
257.0	2.158793	2.323194	0.249203
258.0	2.037067	2.117825	0.397091
259.0	1.911849	1.884193	0.526996
260.0	1.809539	1.666873	0.613860
261.0	1.749560	1.499416	0.638180
262.0	1.739859	1.397210	0.590960
263.0	1.775094	1.354744	0.476278
264.0	1.837917	1.347930	0.310682
265.0	1.902986	1.340860	0.119488
266.0	1.942702	1.295292	-0.069053
267.0	1.933269	1.180518	-0.230153
268.0	1.859684	0.981203	-0.347688
269.0	1.718557	0.701394	-0.416837
270.0	1.518307	0.363848	-0.443547
271.0	1.276875	0.005071	-0.441162
272.0	1.017734	-0.332545	-0.425415
273.0	0.765243	-0.609454	-0.409408
274.0	0.540488	-0.796438	-0.400140
275.0	0.358418	-0.879218	-0.397574
276.0	0.226714	-0.859401	-0.396363
277.0	0.146276	-0.751970	-0.389422
278.0	0.112849	-0.580388	-0.371961
279.0	0.119097	-0.370833	-0.344434
280.0	0.156479	-0.147138	-0.313266
281.0	0.216494	0.072437	-0.289020
282.0	0.291192	0.276143	-0.282601
283.0	0.373147	0.457671	-0.300808
284.0	0.455286	0.613922	-0.342856
285.0	0.530933	0.742683	-0.399222
286.0	0.594303	0.841135	-0.453429
287.0	0.641413	0.905692	-0.486379
288.0	0.671090	0.933076	-0.481989
289.0	0.685671	0.922081	-0.432333
290.0	0.690941	0.875185	-0.340621
291.0	0.695104	0.799251	-0.220926
292.0	0.706870	0.704893	-0.094647
293.0	0.733084	0.604598	0.015291
294.0	0.776535	0.510168	0.090692
295.0	0.834651	0.430339	0.122798
296.0	0.899586	0.369425	0.113909
297.0	0.959848	0.327495	0.075289
298.0	1.003169	0.302105	0.021953
299.0	1.019922	0.290990	-0.034039
300.0	1.006138	0.294787	-0.089623
301.0	0.965258	0.318712	-0.154028
302.0	0.907983	0.372414	-0.248057
303.0	0.850142	0.467747	-0.399266
304.0	0.808996	0.614930	-0.634208
305.0	0.798892	0.818098	-0.969874
306.0	0.827376	1.071613	-1.406778
307.0	0.892822	1.358409	-1.925762
308.0	0.984245	1.651139	-2.489587
309.0	1.083433	1.916185	-3.049082
310.0	1.168885	2.119745	-3.552359
311.0	1.220600	2.234596	-3.954799
312.0	1.224518	2.245848	-4.227338
313.0	1.175516	2.154206	-4.361092
314.0	1.078248	1.975849	-4.367390
315.0	0.945705	1.738915	-4.273502
316.0	0.795938	1.477426	-4.115436
317.0	0.647863	1.224166	-3.929785
318.0	0.517249	1.004253	-3.746681
319.0	0.413871	0.830926	-3.585372
320.0	0.340440	0.704464	-3.453083
321.0	0.293405	0.614287	-3.346874
322.0	0.265200	0.543495	-3.257438
323.0	0.247153	0.474497	-3.173453
324.0	0.232160	0.394189	-3.085185
325.0	0.216386	0.297376	-2.986488
326.0	0.199602	0.187693	-2.875025
327.0	0.184220	0.076005	-2.751109
328.0	0.173476	-0.023039	-2.615937
329.0	0.169462	-0.095184	-2.470068
330.0	0.171689	-0.130267	-2.312745
331.0	0.176660	-0.124447	-2.142242
332.0	0.178589	-0.080508	-1.957001
333.0	0.171015	-0.006343	-1.757025
334.0	0.148775	0.087730	-1.544914
335.0	0.109700	0.191925	-1.326114
336.0	0.055482	0.299256	-1.108237
337.0	-0.008570	0.406503	-0.899675
338.0	-0.074824	0.513647	-0.707968
339.0	-0.135293	0.622076	-0.538462
340.0	-0.183718	0.732204	-0.393671
341.0	-0.217148	0.841343	-0.273512
342.0	-0.236595	0.942579	-0.176253
343.0	-0.246600	1.025087	-0.099822
344.0	-0.253846	1.075942	-0.042984
345.0	-0.265231	1.083019	-0.005996
346.0	-0.285943	1.038258	0.009467
347.0	-0.318030	0.940459	0.001074
348.0	-0.359836	0.796824	-0.032989
349.0	-0.406394	0.622762	-0.092834
350.0	-0.450626	0.439878	-0.176028
351.0	-0.485015	0.272475	-0.277365
352.0	-0.503321	0.143279	-0.389294
353.0	-0.501922	0.069276	-0.502868
354.0	-0.480529	0.058587	-0.608973
355.0	-0.442150	0.109062	-0.699523
356.0	-0.392391	0.208957	-0.768409
357.0	-0.338287	0.339574	-0.812076
358.0	-0.286954	0.479310	-0.829702
359.0	-0.244333	0.608226	-0.823076
360.0	-0.214269	0.712084	-0.796253
361.0	-0.198073	0.784912	-0.755064
362.0	-0.194642	0.829444	-0.706524
363.0	-0.201106	0.855300	-0.658111
364.0	-0.213872	0.875300	-0.616920
365.0	-0.229894	0.900836	-0.588739
366.0	-0.247887	0.937485	-0.577142
367.0	-0.269207	0.982094	-0.582785
368.0	-0.298128	1.022238	-0.603097
369.0	-0.341332	1.038414	-0.632527
370.0	-0.406567	1.008603	-0.663417
371.0	-0.500646	0.914205	-0.687417
372.0	-0.627156	0.745877	-0.697208
373.0	-0.784382	0.507749	-0.688212
374.0	-0.964047	0.218770	-0.659911
375.0	-1.151316	-0.089378	-0.616459
376.0	-1.326323	-0.377525	-0.566384
377.0	-1.467099	-0.606332	-0.521377
378.0	-1.553424	-0.744031	-0.494311
379.0	-1.570838	-0.772769	-0.496813
380.0	-1.513882	-0.692072	-0.536817
381.0	-1.387790	-0.518648	-0.616522
382.0	-1.208100	-0.282653	-0.731169
383.0	-0.998177	-0.021443	-0.868934
384.0	-0.785114	0.227585	-1.012038
385.0	-0.594893	0.433312	-1.139047
386.0	-0.447909	0.574932	-1.228056
387.0	-0.355854	0.643010	-1.260306
388.0	-0.320649	0.637722	-1.223630
389.0	-0.335559	0.565215	-1.115069
390.0	-0.388105	0.433545	-0.942071
391.0	-0.463913	0.249571	-0.721908
392.0	-0.550436	0.017846	-0.479221
393.0	-0.639584	-0.258290	-0.242047
394.0	-0.728621	-0.573940	-0.036987
395.0	-0.819235	-0.919385	0.115549
396.0	-0.915187	-1.277723	0.205005
397.0	-1.019362	-1.624539	0.232441
398.0	-1.131170	-1.930161	0.209961
399.0	-1.245129	-2.164164	0.157878
400.0	-1.351074	-2.301096	0.100236
401.0	-1.435948	-2.325876	0.059717
402.0	-1.486677	-2.237381	0.053100
403.0	-1.493307	-2.049168	0.088304
404.0	-1.451564	-1.787050	0.163637
405.0	-1.364142	-1.484181	0.269296
406.0	-1.240448	-1.174910	0.390589
407.0	-1.094943	-0.889029	0.511904
408.0	-0.944574	-0.647834	0.620344
409.0	-0.806016	-0.462817	0.708082
410.0	-0.693362	-0.336984	0.772943
411.0	-0.616719	-0.268011	0.817269
412.0	-0.581798	-0.251922	0.845640
413.0	-0.590311	-0.285900	0.862337
414.0	-0.640748	-0.369232	0.869426
415.0	-0.729095	-0.502072	0.866091
416.0	-0.849199	-0.682530	0.849359
417.0	-0.992746	-0.903234	0.815852
418.0	-1.149053	-1.148761	0.763837
419.0	-1.305074	-1.395180	0.694733
420.0	-1.446017	-1.612303	0.613426
421.0	-1.556771	-1.768438	0.527169
422.0	-1.624096	-1.836621	0.443351
423.0	-1.639170	-1.800774	0.366877
424.0	-1.599878	-1.660136	0.298080
425.0	-1.512151	-1.430693	0.231984
426.0	-1.389835	-1.143065	0.159336
427.0	-1.252886	-0.837224	0.069272
428.0	-1.124119	-0.555184	-0.047081
429.0	-1.025136	-0.333318	-0.193103
430.0	-0.972318	-0.195989	-0.364347
431.0	-0.973771	-0.151814	-0.548186
432.0	-1.027941	-0.193197	-0.725655
433.0	-1.124205	-0.298990	-0.875109
434.0	-1.245288	-0.439459	-0.976789
435.0	-1.370937	-0.582330	-1.017088
436.0	-1.482011	-0.698640	-0.991447
437.0	-1.564110	-0.767330	-0.905144
438.0	-1.610015	-0.777986	-0.771851
439.0	-1.620552	-0.731596	-0.610434
440.0	-1.603854	-0.639576	-0.440876
441.0	-1.573353	-0.521542	-0.280416
442.0	-1.545032	-0.402329	-0.140802
443.0	-1.534545	-0.308660	-0.027215
444.0	-1.554709	-0.265736	0.061109
445.0	-1.613689	-0.293937	0.128952
446.0	-1.713987	-0.405812	0.182576
447.0	-1.852211	-0.603634	0.227324
448.0	-2.019450	-0.877912	0.265945
449.0	-2.202149	-1.207262	0.297918
450.0	-2.383363	-1.560012	0.319780
451.0	-2.544350	-1.897622	0.326164
452.0	-2.666469	-2.179670	0.311199
453.0	-2.733298	-2.369745	0.269916
454.0	-2.732784	-2.441266	0.199439
455.0	-2.659158	-2.382117	0.099863
456.0	-2.514231	-2.197102	-0.025210
457.0	-2.307730	-1.907611	-0.168474
458.0	-2.056449	-1.548403	-0.319133
459.0	-1.782187	-1.162024	-0.463628
460.0	-1.508728	-0.791893	-0.586985
461.0	-1.258347	-0.475322	-0.674788
462.0	-1.048486	-0.237804	-0.715580
463.0	-0.889269	-0.089589	-0.703297
464.0	-0.782361	-0.025100	-0.639142
465.0	-0.721428	-0.025174	-0.532290
466.0	-0.694084	-0.061574	-0.399003
467.0	-0.684911	-0.102818	-0.260059
468.0	-0.678881	-0.120197	-0.136865
469.0	-0.664446	-0.092891	-0.047049
470.0	-0.635649	-0.011317	-0.000588
471.0	-0.592836	0.121766	0.002509
472.0	-0.541908	0.292477	-0.027769
473.0	-0.492347	0.479028	-0.073835
474.0	-0.454538	0.656259	-0.114883
475.0	-0.437043	0.800653	-0.132183
476.0	-0.444451	0.894891	-0.114000
477.0	-0.476262	0.931099	-0.058851
478.0	-0.527013	0.912192	0.023765
479.0	-0.587556	0.851012	0.115356
480.0	-0.647143	0.767420	0.192670
481.0	-0.695818	0.683862	0.233110
482.0	-0.726560	0.620304	0.219966
483.0	-0.736734	0.589569	0.146220
484.0	-0.728559	0.594113	0.016063
485.0	-0.708549	0.625004	-0.156115
486.0	-0.686093	0.663420	-0.348873
487.0	-0.671534	0.684453	-0.538141
488.0	-0.674150	0.662460	-0.701806
489.0	-0.700458	0.576854	-0.823479
490.0	-0.753132	0.417064	-0.894731
491.0	-0.830689	0.185577	-0.915569
492.0	-0.927889	-0.101620	-0.893317
493.0	-1.036693	-0.417296	-0.840411
494.0	-1.147507	-0.727448	-0.771678
495.0	-1.250442	-0.997025	-0.701683
496.0	-1.336386	-1.195722	-0.642516
497.0	-1.397773	-1.302729	-0.602225
498.0	-1.429058	-1.309618	-0.583974
499.0	-1.426980	-1.221020	-0.585885
500.0	-1.390726	-1.053237	-0.601553
501.0	-1.322085	-0.831314	-0.621202
502.0	-1.225588	-0.585278	-0.633410
503.0	-1.108558	-0.346254	-0.627257
504.0	-0.980909	-0.142987	-0.594597
505.0	-0.854544	0.000938	-0.532034
506.0	-0.742230	0.069120	-0.442135
507.0	-0.656016	0.053649	-0.333474
508.0	-0.605363	-0.044253	-0.219345
509.0	-0.595342	-0.214278	-0.115307
510.0	-0.625320	-0.437902	-0.036054
511.0	-0.688527	-0.690217	0.007639
512.0	-0.772732	-0.942765	0.011118
513.0	-0.862068	-1.167216	-0.023414
514.0	-0.939699	-1.339427	-0.087812
515.0	-0.990867	-1.443197	-0.170309
516.0	-1.005651	-1.472938	-0.258555
517.0	-0.980850	-1.434580	-0.342464
518.0	-0.920543	-1.344380	-0.416056
519.0	-0.835185	-1.225771	-0.477768
520.0	-0.739445	-1.104871	-0.529253
521.0	-0.649285	-1.005659	-0.573169
522.0	-0.578950	-0.945902	-0.610802
523.0	-0.538536	-0.934744	-0.640439
524.0	-0.532656	-0.972400	-0.657123
525.0	-0.560395	-1.051842	-0.653934
526.0	-0.616411	-1.161784	-0.624385
527.0	-0.692782	-1.289970	-0.565056
528.0	-0.780996	-1.425748	-0.477483
529.0	-0.873519	-1.561193	-0.368489
530.0	-0.964568	-1.690620	-0.248697
531.0	-1.049966	-1.808866	-0.129551
532.0	-1.126277	-1.909194	-0.019803
533.0	-1.189667	-1.981854	0.077364
534.0	-1.234978	-2.014073	0.165492
535.0	-1.255480	-1.991845	0.253723
536.0	-1.243514	-1.903166	0.353570
537.0	-1.191951	-1.741869	0.474486
538.0	-1.096136	-1.510815	0.619608
539.0	-0.955763	-1.223340	0.783122
540.0	-0.776157	-0.902237	0.950224
541.0	-0.568495	-0.576270	1.099934
542.0	-0.348829	-0.274980	1.210066
543.0	-0.136017	-0.023056	1.262984
544.0	0.051021	0.164213	1.250437
545.0	0.196160	0.283163	1.175980
546.0	0.288434	0.341060	1.054200
547.0	0.323460	0.352655	0.906907
548.0	0.303666	0.335027	0.757399
549.0	0.237368	0.302179	0.624483
550.0	0.136967	0.260968	0.518048
551.0	0.016687	0.209544	0.437463
552.0	-0.109672	0.138713	0.373237
553.0	-0.230575	0.035813	0.311311
554.0	-0.337927	-0.110094	0.238580
555.0	-0.427509	-0.303278	0.147847
556.0	-0.498729	-0.538134	0.040635
557.0	-0.553889	-0.798715	-0.072997
558.0	-0.597152	-1.061194	-0.177517
559.0	-0.633439	-1.298595	-0.256806
560.0	-0.667398	-1.486524	-0.299216
561.0	-0.702560	-1.608307	-0.301131
562.0	-0.740739	-1.658193	-0.267865
563.0	-0.781727	-1.641823	-0.211628
564.0	-0.823296	-1.573945	-0.147265
565.0	-0.861530	-1.474145	-0.087247
566.0	-0.891473	-1.361853	-0.037612
567.0	-0.908023	-1.252032	0.003749
568.0	-0.906977	-1.152668	0.045824
569.0	-0.886041	-1.064604	0.100654
570.0	-0.845627	-0.983525	0.178188
571.0	-0.789228	-0.903285	0.281597
572.0	-0.723254	-0.819401	0.404669
573.0	-0.656272	-0.731542	0.532295
574.0	-0.597730	-0.644193	0.644057
575.0	-0.556362	-0.565283	0.719904
576.0	-0.538540	-0.503207	0.746199
577.0	-0.546888	-0.463171	0.720236
578.0	-0.579455	-0.444054	0.651757
579.0	-0.629640	-0.436830	0.560903
580.0	-0.686957	-0.425198	0.473099
581.0	-0.738555	-0.388440	0.412359
582.0	-0.771289	-0.305919	0.394930
583.0	-0.773996	-0.162131	0.425164
584.0	-0.739592	0.048932	0.494785
585.0	-0.666594	0.321253	0.585714
586.0	-0.559752	0.636787	0.675569
587.0	-0.429626	0.968082	0.744161
588.0	-0.291118	1.282992	0.779056
589.0	-0.161170	1.550449	0.778622
590.0	-0.056032	1.746006	0.751755
591.0	0.011397	1.855932	0.714507
592.0	0.033628	1.878976	0.684752
593.0	0.009600	1.825468	0.676564
594.0	-0.055556	1.714035	0.695975
595.0	-0.151986	1.566789	0.739313
596.0	-0.267475	1.404123	0.794470
597.0	-0.390157	1.240388	0.844551
598.0	-0.510917	1.081423	0.872687
599.0	-0.624893	0.924507	0.866502
600.0	-0.731683	0.760649	0.820926
601.0	-0.834221	0.578602	0.738634
602.0	-0.936638	0.369522	0.628148
603.0	-1.041713	0.131068	0.500361
604.0	-1.148692	-0.130173	0.364632
605.0	-1.252160	-0.398580	0.225699
606.0	-1.342408	-0.651830	0.082268
607.0	-1.407312	-0.865107	-0.072419
608.0	-1.435303	-1.016195	-0.248331
609.0	-1.418659	-1.090176	-0.455523
610.0	-1.356190	-1.082564	-0.701070
611.0	-1.254507	-1.000095	-0.986924
612.0	-1.127392	-0.858993	-1.309131
613.0	-0.993318	-0.681169	-1.658408
614.0	-0.871649	-0.489364	-2.021689
615.0	-0.778474	-0.302507	-2.384032
616.0	-0.723138	-0.132468	-2.730337
617.0	-0.706410	0.016992	-3.046546
618.0	-0.720782	0.148891	-3.320320
619.0	-0.752829	0.269830	-3.541429
620.0	-0.787015	0.385908	-3.702190
621.0	-0.809920	0.499051	-3.798191
622.0	-0.813736	0.604849	-3.829261
623.0	-0.798127	0.692633	-3.800360
624.0	-0.769953	0.747823	-3.721867
625.0	-0.741006	0.755935	-3.608729
626.0	-0.724401	0.707132	-3.478213
627.0	-0.730685	0.600024	-3.346419
628.0	-0.764723	0.443591	-3.224223
629.0	-0.824211	0.256601	-3.113680
630.0	-0.900187	0.064582	-3.006054
631.0	-0.979330	-0.104962	-2.882351
632.0	-1.047355	-0.227917	-2.716721
633.0	-1.092536	-0.288190	-2.482266
634.0	-1.108396	-0.280491	-2.158120
635.0	-1.094885	-0.210669	-1.736089
636.0	-1.057824	-0.093607	-1.225134
637.0	-1.006886	0.050686	-0.652297
638.0	-0.952785	0.201748	-0.059505
639.0	-0.904514	0.342936	0.503301
640.0	-0.867387	0.464326	0.987334
641.0	-0.842364	0.563684	1.354362
642.0	-0.826726	0.645466	1.584161
643.0	-0.815762	0.718311	1.678227
644.0	-0.804892	0.791786	1.658838
645.0	-0.791535	0.873258	1.563687
646.0	-0.776206	0.965622	1.437385
647.0	-0.762553	1.066346	1.321884
648.0	-0.756414	1.167904	1.248118
649.0	-0.764207	1.259387	1.230798
650.0	-0.791152	1.328847	1.267455
651.0	-0.839799	1.365829	1.341715
652.0	-0.909218	1.363625	1.429735
653.0	-0.994969	1.320873	1.507913
654.0	-1.089792	1.242262	1.559775
655.0	-1.184772	1.138291	1.580213
656.0	-1.270696	1.024074	1.576046
657.0	-1.339348	0.917363	1.562920
658.0	-1.384557	0.835965	1.559546
659.0	-1.402943	0.794907	1.581021
660.0	-1.394334	0.803719	1.633178
661.0	-1.361882	0.864323	1.709605
662.0	-1.311849	0.969962	1.792230
663.0	-1.253040	1.105528	1.855369
664.0	-1.195844	1.249415	1.872197
665.0	-1.150888	1.376729	1.821936
666.0	-1.127422	1.463381	1.695868
667.0	-1.131669	1.490324	1.500578
668.0	-1.165459	1.447110	1.257572
669.0	-1.225499	1.333983	0.999333
670.0	-1.303529	1.162051	0.762764
671.0	-1.387465	0.951443	0.581619
672.0	-1.463370	0.727824	0.479689
673.0	-1.517881	0.517997	0.466296
674.0	-1.540601	0.345526	0.534983
675.0	-1.525889	0.227245	0.665540
676.0	-1.473689	0.171320	0.828662
677.0	-1.389206	0.177076	0.992048
678.0	-1.281569	0.236428	1.126487
679.0	-1.161837	0.336391	1.210665
680.0	-1.040858	0.461975	1.233865
681.0	-0.927481	0.598799	1.196311
682.0	-0.827466	0.734964	1.107477
683.0	-0.743221	0.861985	0.983070
684.0	-0.674247	0.974896	0.841549
685.0	-0.618018	1.071790	0.700966
686.0	-0.570938	1.153131	0.576636
687.0	-0.529117	1.221089	0.479837
688.0	-0.488825	1.278990	0.417441
689.0	-0.446689	1.330830	0.392213
690.0	-0.399779	1.380741	0.403470
691.0	-0.345792	1.432281	0.447859
692.0	-0.283438	1.487605	0.520129
693.0	-0.212985	1.546658	0.613865
694.0	-0.136766	1.606704	0.722191
695.0	-0.059372	1.662470	0.838434
696.0	0.012746	1.707068	0.956669
697.0	0.072350	1.733626	1.072027
698.0	0.113056	1.737272	1.180668
699.0	0.131161	1.716932	1.279397
700.0	0.127157	1.676319	1.365028
701.0	0.106392	1.623678	1.433753
702.0	0.078549	1.570142	1.480840
703.0	0.055912	1.526995	1.500923
704.0	0.050733	1.502502	1.488999
705.0	0.072346	1.499187	1.442000
706.0	0.124764	1.512412	1.360529
707.0	0.205446	1.530788	1.250203
708.0	0.305604	1.538487	1.122040
709.0	0.412005	1.518941	0.991523
710.0	0.509827	1.459018	0.876318
711.0	0.585787	1.352550	0.793046
712.0	0.630718	1.202226	0.753855
713.0	0.640941	1.019305	0.763662
714.0	0.618110	0.821169	0.818884
715.0	0.567722	0.627375	0.908059
716.0	0.496828	0.455268	1.014308
717.0	0.411733	0.316335	1.119025
718.0	0.316449	0.214271	1.205844
719.0	0.212367	0.145198	1.263830
720.0	0.099234	0.099877	1.289053
721.0	-0.022969	0.067148	1.284195
722.0	-0.151916	0.037520	1.256416
723.0	-0.281428	0.005826	1.214214
724.0	-0.401157	-0.027844	1.164322
725.0	-0.497773	-0.059123	1.109627
726.0	-0.557421	-0.081876	1.048752
727.0	-0.568840	-0.091366	0.977374
728.0	-0.526308	-0.086996	0.890810
729.0	-0.431563	-0.073697	0.786936
730.0	-0.294131	-0.061443	0.668429
731.0	-0.129931	-0.062984	0.543541
732.0	0.041535	-0.090410	0.425065
733.0	0.200698	-0.151586	0.327765
734.0	0.331309	-0.247513	0.265044
735.0	0.422912	-0.371431	0.245817
736.0	0.471915	-0.509993	0.272529
737.0	0.481188	-0.646218	0.340817
738.0	0.458468	-0.763438	0.440801
739.0	0.414142	-0.849176	0.559468
740.0	0.359034	-0.897904	0.683300
741.0	0.302719	-0.911960	0.800298
742.0	0.252620	-0.900433	0.900861
743.0	0.213869	-0.876348	0.977474
744.0	0.189675	-0.852958	1.023652
745.0	0.181844	-0.840155	1.032923
746.0	0.191129	-0.841933	0.998593
747.0	0.217261	-0.855527	0.914775
748.0	0.258696	-0.872374	0.778579
749.0	0.312290	-0.880585	0.592818
750.0	0.373156	-0.868207	0.368195
751.0	0.434936	-0.826434	0.123930
752.0	0.490520	-0.751971	-0.113881
753.0	0.533114	-0.648012	-0.316196
754.0	0.557359	-0.523693	-0.456509
755.0	0.560201	-0.392244	-0.516532
756.0	0.541223	-0.268364	-0.490524
757.0	0.502375	-0.165474	-0.386935
758.0	0.447165	-0.093477	-0.226737
759.0	0.379621	-0.057458	-0.038737
760.0	0.303334	-0.057502	0.146930
761.0	0.220912	-0.089519	0.305394
762.0	0.133971	-0.146742	0.421931
763.0	0.043636	-0.221463	0.493822
764.0	-0.048703	-0.306520	0.528813
765.0	-0.140697	-0.396221	0.540773
766.0	-0.228710	-0.486518	0.544045
767.0	-0.308046	-0.574483	0.548294
768.0	-0.373680	-0.657300	0.555505
769.0	-0.421284	-0.731144	0.560025
770.0	-0.448191	-0.790308	0.551552
771.0	-0.453959	-0.826915	0.519986
772.0	-0.440311	-0.831387	0.460455
773.0	-0.410454	-0.793661	0.376743
774.0	-0.367969	-0.704947	0.281875
775.0	-0.315667	-0.559656	0.195535
776.0	-0.254799	-0.357080	0.139045
777.0	-0.184937	-0.102413	0.129429
778.0	-0.104617	0.193162	0.174454
779.0	-0.012571	0.513378	0.270200
780.0	0.090812	0.838624	0.401985
781.0	0.202295	1.148193	0.548368
782.0	0.315303	1.422581	0.687008
783.0	0.420383	1.645412	0.800566
784.0	0.506598	1.804697	0.880831
785.0	0.563570	1.893320	0.929869
786.0	0.583653	1.908854	0.957911
787.0	0.563708	1.852965	0.978799
788.0	0.506000	1.730714	1.004543
789.0	0.417966	1.549999	1.040822
790.0	0.310906	1.321204	1.084925
791.0	0.197882	1.056967	1.126793
792.0	0.091308	0.771795	1.152783
793.0	0.000768	0.481265	1.150876
794.0	-0.068505	0.200622	1.115546
795.0	-0.116193	-0.057144	1.050622
796.0	-0.146495	-0.283432	0.969097
797.0	-0.166880	-0.475782	0.889855
798.0	-0.186339	-0.638629	0.832276
799.0	-0.213468	-0.782546	0.810356
800.0	-0.254745	-0.921803	0.828199
801.0	-0.313250	-1.070551	0.878268
802.0	-0.387998	-1.238402	0.942971
803.0	-0.473932	-1.426494	0.999111
804.0	-0.562562	-1.625184	1.023870
805.0	-0.643137	-1.814247	1.000573
806.0	-0.704214	-1.965878	0.922590
807.0	-0.735423	-2.050096	0.794355
808.0	-0.729178	-2.041469	0.629424
809.0	-0.682077	-1.925615	0.446343
810.0	-0.595730	-1.703866	0.263757
811.0	-0.476828	-1.394829	0.096296
812.0	-0.336374	-1.032271	-0.047609
813.0	-0.188150	-0.659637	-0.165510
814.0	-0.046679	-0.322332	-0.258724
815.0	0.074961	-0.059476	-0.329122
816.0	0.167030	0.103054	-0.376230
817.0	0.224365	0.156770	-0.395739
818.0	0.246720	0.111127	-0.379975
819.0	0.238197	-0.009468	-0.320150
820.0	0.205954	-0.171278	-0.209578
821.0	0.158561	-0.338065	-0.046707
822.0	0.104413	-0.477512	0.163105
823.0	0.050570	-0.565957	0.407706
824.0	0.002223	-0.590679	0.670140
825.0	-0.037217	-0.549722	0.931843
826.0	-0.065611	-0.449856	1.176035
827.0	-0.081486	-0.303609	1.390233
828.0	-0.083632	-0.126357	1.567191
829.0	-0.071112	0.065856	1.704143
830.0	-0.043684	0.257524	1.800835
831.0	-0.002446	0.434148	1.857263
832.0	0.049602	0.582491	1.872090
833.0	0.107436	0.691155	1.842449
834.0	0.164520	0.751806	1.765292
835.0	0.213973	0.760931	1.639807
836.0	0.250156	0.721640	1.469982
837.0	0.270243	0.644742	1.266261
838.0	0.275296	0.548346	1.045438
839.0	0.270422	0.455596	0.828542
840.0	0.263849	0.390633	0.637070
841.0	0.265037	0.373533	0.488562
842.0	0.282245	0.415366	0.392751
843.0	0.320184	0.514734	0.349428
844.0	0.378377	0.656859	0.348669
845.0	0.450734	0.815751	0.373399
846.0	0.526506	0.959200	0.403578
847.0	0.592461	1.055553	0.420827
848.0	0.635757	1.080734	0.412242
849.0	0.646825	1.023775	0.372432
850.0	0.621554	0.889494	0.303398
851.0	0.562244	0.697587	0.212535
852.0	0.477112	0.478333	0.109588
853.0	0.378519	0.265920	0.003618
854.0	0.280354	0.091018	-0.099072
855.0	0.195254	-0.025607	-0.195522
856.0	0.132273	-0.076966	-0.285276
857.0	0.095525	-0.070357	-0.368651
858.0	0.083990	-0.024562	-0.444975
859.0	0.092404	0.035430	-0.511565
860.0	0.112888	0.084725	-0.563924
861.0	0.136833	0.104248	-0.597095
862.0	0.156572	0.084510	-0.607668
863.0	0.166471	0.026623	-0.595601
864.0	0.163321	-0.059470	-0.565083
865.0	0.146088	-0.158867	-0.523960
866.0	0.115264	-0.256468	-0.481752
867.0	0.072142	-0.341276	-0.446836
868.0	0.018285	-0.409065	-0.423703
869.0	-0.044636	-0.462767	-0.411250
870.0	-0.114614	-0.510565	-0.402787
871.0	-0.188845	-0.562342	-0.387899
872.0	-0.263236	-0.625555	-0.355707
873.0	-0.332173	-0.701768	-0.298573
874.0	-0.388717	-0.784876	-0.215133
875.0	-0.425310	-0.861598	-0.111661
876.0	-0.434939	-0.914209	-0.001288
877.0	-0.412513	-0.924863	0.098794
878.0	-0.356176	-0.880410	0.171403
879.0	-0.268228	-0.776467	0.203581
880.0	-0.155358	-0.619620	0.189810
881.0	-0.028075	-0.427105	0.133382
882.0	0.100670	-0.223907	0.045607
883.0	0.217452	-0.037884	-0.056798
884.0	0.310579	0.105977	-0.155372
885.0	0.372105	0.190820	-0.233573
886.0	0.399190	0.211400	-0.279560
887.0	0.394500	0.174933	-0.287513
888.0	0.365479	0.099059	-0.257462
889.0	0.322614	0.007392	-0.193983
890.0	0.277026	-0.076274	-0.104429
891.0	0.237930	-0.133682	0.002672
892.0	0.210538	-0.156343	0.118630
893.0	0.194949	-0.147222	0.234952
894.0	0.186325	-0.119479	0.343320
895.0	0.176353	-0.092611	0.435613
896.0	0.155673	-0.086991	0.504373
897.0	0.116664	-0.118252	0.543842
898.0	0.055862	-0.192960	0.551367
899.0	-0.024649	-0.306711	0.528639
900.0	-0.117308	-0.445107	0.482159
901.0	-0.210661	-0.587334	0.422433
902.0	-0.292103	-0.711344	0.361783
903.0	-0.351087	-0.799267	0.311168
904.0	-0.381975	-0.841627	0.276853
905.0	-0.385737	-0.839306	0.257971
906.0	-0.370008	-0.802842	0.245928
907.0	-0.347436	-0.749396	0.226148
908.0	-0.332715	-0.698314	0.181989
909.0	-0.339030	-0.666582	0.099936
910.0	-0.374829	-0.665373	-0.025292
911.0	-0.441740	-0.698522	-0.187249
912.0	-0.534128	-0.763096	-0.367083
913.0	-0.640350	-0.851610	-0.536188
914.0	-0.745336	-0.954970	-0.661784
915.0	-0.833757	-1.065052	-0.714207
916.0	-0.892972	-1.176109	-0.674136
917.0	-0.915042	-1.284618	-0.537910
918.0	-0.897436	-1.387876	-0.319528
919.0	-0.842458	-1.482081	-0.048754
920.0	-0.755788	-1.560920	0.234276
921.0	-0.644753	-1.615501	0.486671
922.0	-0.516912	-1.636021	0.670807
923.0	-0.379371	-1.614863	0.760940
924.0	-0.238875	-1.550232	0.747012
925.0	-0.102394	-1.449036	0.635057
926.0	0.022272	-1.327784	0.444514
927.0	0.126432	-1.210725	0.203456
928.0	0.201282	-1.125261	-0.056829
929.0	0.239536	-1.095510	-0.306565
930.0	0.237517	-1.135616	-0.520561
931.0	0.197023	-1.244667	-0.679381
932.0	0.126257	-1.404846	-0.768925
933.0	0.039227	-1.583670	-0.779253
934.0	-0.046513	-1.740155	-0.703520
935.0	-0.113448	-1.833626	-0.537700
936.0	-0.148218	-1.833135	-0.281302
937.0	-0.145190	-1.725168	0.061236
938.0	-0.108476	-1.517657	0.479165
939.0	-0.051705	-1.239203	0.954839
940.0	0.004564	-0.933605	1.464522
941.0	0.037284	-0.650959	1.980715
942.0	0.026178	-0.437419	2.475620
943.0	-0.041477	-0.326042	2.924942
944.0	-0.167748	-0.330778	3.311029
945.0	-0.343411	-0.444833	3.624550
946.0	-0.549943	-0.643526	3.864303
947.0	-0.763614	-0.890630	4.035335
948.0	-0.960625	-1.146462	4.146092
949.0	-1.121986	-1.375677	4.205564
950.0	-1.236930	-1.553008	4.221398
951.0	-1.304100	-1.665905	4.199576
952.0	-1.330328	-1.713904	4.145650
953.0	-1.327488	-1.705442	4.066967
954.0	-1.308381	-1.653355	3.974884
955.0	-1.282791	-1.570496	3.885870
956.0	-1.254773	-1.466621	3.820710
957.0	-1.221813	-1.347160	3.801604
958.0	-1.175993	-1.213856	3.847667
959.0	-1.106732	-1.066690	3.969939
960.0	-1.004310	-0.906232	4.167361
961.0	-0.863213	-0.735541	4.424998
962.0	-0.684453	-0.561036	4.715322
963.0	-0.476333	-0.392148	5.002533
964.0	-0.253539	-0.239972	5.249097
965.0	-0.034857	-0.115444	5.422985
966.0	0.159908	-0.027602	5.503912
967.0	0.313116	0.017597	5.487046
968.0	0.411929	0.017714	5.383322
969.0	0.449993	-0.026433	5.216372
970.0	0.427952	-0.111436	5.016921
971.0	0.352882	-0.232063	4.816150
972.0	0.236873	-0.381861	4.639674
973.0	0.095102	-0.553510	4.503559
974.0	-0.056284	-0.739015	4.413147
975.0	-0.202171	-0.929923	4.364649
976.0	-0.330160	-1.117738	4.348731
977.0	-0.431743	-1.294593	4.354841
978.0	-0.502883	-1.454055	4.374946
979.0	-0.543915	-1.591803	4.405650
980.0	-0.558774	-1.705855	4.448245
981.0	-0.553633	-1.796123	4.506937
982.0	-0.535157	-1.863271	4.585978
983.0	-0.508681	-1.907143	4.686760
984.0	-0.476689	-1.925238	4.805814
985.0	-0.437974	-1.911831	4.934319
986.0	-0.387739	-1.858210	5.059220
987.0	-0.318721	-1.754270	5.165546
988.0	-0.223148	-1.591246	5.239209
989.0	-0.095123	-1.365000	5.269498
990.0	0.067150	-1.078983	5.250676
991.0	0.259899	-0.745948	5.182423
992.0	0.473523	-0.387704	5.069280
993.0	0.693752	-0.032661	4.919487
994.0	0.904035	0.288514	4.743718
995.0	1.088682	0.548268	4.554076
996.0	1.236024	0.727351	4.363453
997.0	1.340833	0.818569	4.185089
998.0	1.405361	0.828112	4.031995
999.0	1.438710	0.774033	3.915911
1000.0	1.454633	0.682138	3.845705
1001.0	1.468261	0.580206	3.825407
1002.0	1.492527	0.491868	3.852444
1003.0	1.535161	0.431615	3.916747
1004.0	1.596967	0.402142	4.001375
1005.0	1.671806	0.394650	4.084909
1006.0	1.748269	0.392049	4.145358
1007.0	1.812634	0.374250	4.164790
1008.0	1.852348	0.324250	4.133469
1009.0	1.859219	0.233478	4.052276
1010.0	1.831512	0.105074	3.932458
1011.0	1.774490	-0.045773	3.792452
1012.0	1.699271	-0.194562	3.652335
1013.0	1.620317	-0.312737	3.527206
1014.0	1.552165	-0.374261	3.421266
1015.0	1.506184	-0.362020	3.324332
1016.0	1.488118	-0.272574	3.212026
1017.0	1.496954	-0.118135	3.049938
1018.0	1.525344	0.074736	2.801032
1019.0	1.561439	0.269489	2.434638
1020.0	1.586953	0.423387	1.934828
1021.0	1.596558	0.491392	1.306066
1022.0	1.588854	0.461380	0.573871
1023.0	1.554407	0.300553	-0.253082
